130604PHA4cdk4ip2_100
kurekaoru/ZhaoLAB_HKBU/161124

176  0  0  0  0  0  0  0  0  0  0 V3000
     54.45     23.31      13.1 ABalaaaal   0  0  0  0  0
     55.62     20.61       8.5 ABalaaaar   0  0  0  0  0
     53.73     20.61      17.0 ABalaaapa   0  0  0  0  0
     51.12     18.27      13.3 ABalaaapp   0  0  0  0  0
     53.91     17.01      10.4 ABalaapaa   0  0  0  0  0
      50.4     14.76      11.0 ABalaapap   0  0  0  0  0
     50.04     15.03      15.2 ABalaappa   0  0  0  0  0
     45.45     16.29      16.1 ABalaappp   0  0  0  0  0
     51.03     24.93      14.5 ABalapaaa   0  0  0  0  0
     50.94     29.07      15.4 ABalapaap   0  0  0  0  0
     46.98     28.98      15.1 ABalapapa   0  0  0  0  0
     42.66     28.62      15.1 ABalapapp   0  0  0  0  0
     50.22     20.61      17.4 ABalappaa   0  0  0  0  0
     46.71     22.05      15.2 ABalappap   0  0  0  0  0
     43.92     20.07      17.2 ABalapppa   0  0  0  0  0
     38.52     18.36      16.4 ABalapppp   0  0  0  0  0
     55.26     22.68       4.3 ABalpaaaa   0  0  0  0  0
     54.27     28.08       5.2 ABalpaaap   0  0  0  0  0
     53.91     25.92       9.2 ABalpaapa   0  0  0  0  0
     48.96     28.17       7.3 ABalpaapp   0  0  0  0  0
     51.48     29.61       2.4 ABalpapaa   0  0  0  0  0
     48.51      26.1       2.2 ABalpapap   0  0  0  0  0
     45.18     26.73       3.2 ABalpappa   0  0  0  0  0
     42.12     25.83       1.6 ABalpappp   0  0  0  0  0
     53.28     31.23      10.1 ABalppaaa   0  0  0  0  0
     49.68     33.12       7.2 ABalppaap   0  0  0  0  0
     46.89     31.41       4.3 ABalppapa   0  0  0  0  0
     40.68     30.78       4.3 ABalppapp   0  0  0  0  0
     49.77     32.31      12.1 ABalpppaa   0  0  0  0  0
     45.27     32.94      11.2 ABalpppap   0  0  0  0  0
     42.48     33.39      13.3 ABalppppa   0  0  0  0  0
     37.35      34.2      12.2 ABalppppp   0  0  0  0  0
     55.08     18.45       6.3 ABaraaaaa   0  0  0  0  0
     51.48      19.8       3.1 ABaraaaap   0  0  0  0  0
      51.3     15.75       4.3 ABaraaapa   0  0  0  0  0
     47.52     13.59       4.1 ABaraaapp   0  0  0  0  0
     51.84     23.76       2.2 ABaraapaa   0  0  0  0  0
     47.52     20.79       4.0 ABaraapap   0  0  0  0  0
     44.37     21.06       2.3 ABaraappa   0  0  0  0  0
     40.14     21.15       2.1 ABaraappp   0  0  0  0  0
      47.7     16.65       1.5 ABarapaaa   0  0  0  0  0
     42.21     15.75       4.2 ABarapaap   0  0  0  0  0
     43.74     13.05       1.6 ABarapapa   0  0  0  0  0
     38.07     14.76       2.1 ABarapapp   0  0  0  0  0
     44.37     12.15       6.1 ABarappaa   0  0  0  0  0
     39.51     10.98       3.2 ABarappap   0  0  0  0  0
      41.4      9.72       7.2 ABarapppa   0  0  0  0  0
     37.35     10.35       6.1 ABarapppp   0  0  0  0  0
      49.5     24.84      19.3 ABarpaaaa   0  0  0  0  0
     44.64     26.19      20.3 ABarpaaap   0  0  0  0  0
      42.3     23.76      19.3 ABarpaapa   0  0  0  0  0
      36.9     20.79      19.5 ABarpaapp   0  0  0  0  0
     47.52      20.7      19.3 ABarpapaa   0  0  0  0  0
     41.13     18.09      20.3 ABarpapap   0  0  0  0  0
      40.5     14.49      19.2 ABarpappa   0  0  0  0  0
     35.64     15.75      19.3 ABarpappp   0  0  0  0  0
     33.75      23.4      20.3 ABarppaaa   0  0  0  0  0
     27.99     23.04      20.2 ABarppaap   0  0  0  0  0
     28.89     28.08      19.3 ABarppapa   0  0  0  0  0
     22.59     28.44      18.0 ABarppapp   0  0  0  0  0
      32.4     16.83      20.1 ABarpppaa   0  0  0  0  0
      27.9     16.92      19.4 ABarpppap   0  0  0  0  0
      24.3     17.19      20.0 ABarppppa   0  0  0  0  0
     17.82     17.91      18.5 ABarppppp   0  0  0  0  0
     49.14     30.69      19.4 ABplaaaaa   0  0  0  0  0
     43.47     30.24      20.0 ABplaaaap   0  0  0  0  0
     40.23     29.25      18.4 ABplaaapa   0  0  0  0  0
     33.75     28.62      20.1 ABplaaapp   0  0  0  0  0
     46.62     34.29      16.1 ABplaapaa   0  0  0  0  0
     39.06     34.11      18.4 ABplaapap   0  0  0  0  0
     37.17     37.26      15.7 ABplaappa   0  0  0  0  0
     32.22     36.99      12.1 ABplaappp   0  0  0  0  0
     35.64     33.75      19.6 ABplapaaa   0  0  0  0  0
     30.69     33.48      19.2 ABplapaap   0  0  0  0  0
     26.91     32.49      18.1 ABplapapa   0  0  0  0  0
     21.69     32.94      15.3 ABplapapp   0  0  0  0  0
     28.35     37.89      13.3 ABplappaa   0  0  0  0  0
     22.68     36.72      14.0 ABplappap   0  0  0  0  0
     20.25     35.64      11.3 ABplapppa   0  0  0  0  0
     15.12      35.1      12.0 ABplapppp   0  0  0  0  0
     45.81     35.19       6.2 ABplpaaaa   0  0  0  0  0
     41.76     36.54       6.1 ABplpaaap   0  0  0  0  0
     41.67     37.44      11.2 ABplpaapa   0  0  0  0  0
     36.72     37.17       8.2 ABplpaapp   0  0  0  0  0
     39.51     34.56       2.1 ABplpapaa   0  0  0  0  0
      36.0     33.39       1.7 ABplpapap   0  0  0  0  0
     34.02     29.97       2.2 ABplpappa   0  0  0  0  0
     28.53     31.86       2.3 ABplpappp   0  0  0  0  0
     34.74     37.17       5.2 ABplppaaa   0  0  0  0  0
     31.05     35.91       5.2 ABplppaap   0  0  0  0  0
     29.07     36.09       8.3 ABplppapa   0  0  0  0  0
     24.21     34.74       8.3 ABplppapp   0  0  0  0  0
     26.28     36.45       4.3 ABplpppaa   0  0  0  0  0
     21.69     36.45       6.3 ABplpppap   0  0  0  0  0
     24.66     33.39       2.3 ABplppppa   0  0  0  0  0
     19.71     33.84       3.0 ABplppppp   0  0  0  0  0
     49.14     11.16       9.1 ABpraaaaa   0  0  0  0  0
     44.73     12.33      14.1 ABpraaaap   0  0  0  0  0
     48.33     12.24      17.0 ABpraaapa   0  0  0  0  0
     42.66     10.98      17.0 ABpraaapp   0  0  0  0  0
     38.52      10.8      17.2 ABpraapaa   0  0  0  0  0
     32.85     11.61      18.2 ABpraapap   0  0  0  0  0
     32.49      10.8      15.1 ABpraappa   0  0  0  0  0
     27.54     10.44      12.1 ABpraappp   0  0  0  0  0
     29.07     12.51      19.2 ABprapaaa   0  0  0  0  0
     24.39     12.33      18.1 ABprapaap   0  0  0  0  0
     20.25      12.6      16.5 ABprapapa   0  0  0  0  0
     14.04     14.67      14.3 ABprapapp   0  0  0  0  0
     22.77      9.18      11.3 ABprappaa   0  0  0  0  0
     16.29      10.8      12.4 ABprappap   0  0  0  0  0
     13.86     12.87      10.1 ABprapppa   0  0  0  0  0
     10.35      16.2      11.1 ABprapppp   0  0  0  0  0
     43.65      8.91      10.5 ABprpaaaa   0  0  0  0  0
     37.35      7.83      10.2 ABprpaaap   0  0  0  0  0
     36.18      8.37      14.0 ABprpaapa   0  0  0  0  0
     31.95      8.55       8.3 ABprpaapp   0  0  0  0  0
     35.01      8.73       3.4 ABprpapaa   0  0  0  0  0
     33.21     11.79       2.4 ABprpapap   0  0  0  0  0
     30.78      14.4       2.2 ABprpappa   0  0  0  0  0
     26.46     13.86       2.4 ABprpappp   0  0  0  0  0
     29.88      9.18       4.5 ABprppaaa   0  0  0  0  0
     26.64      8.91       5.2 ABprppaap   0  0  0  0  0
      25.2     11.07       7.3 ABprppapa   0  0  0  0  0
     21.51     12.69       8.1 ABprppapp   0  0  0  0  0
     19.62      9.63       5.3 ABprpppaa   0  0  0  0  0
     15.48     11.79       6.2 ABprpppap   0  0  0  0  0
     21.78     13.05       2.3 ABprppppa   0  0  0  0  0
     15.93     13.95       2.1 ABprppppp   0  0  0  0  0
     51.84     21.24       8.4 MSaaaaa   0  0  0  0  0
     46.62     25.74      12.3 MSaaaap   0  0  0  0  0
      42.3     23.31       8.1 MSaaap   0  0  0  0  0
     38.43     25.74       5.1 MSaapaa   0  0  0  0  0
     32.85     25.38       3.2 MSaapap   0  0  0  0  0
     29.52     25.83       1.6 MSaapp   0  0  0  0  0
     40.14     30.33       9.1 MSapaa   0  0  0  0  0
     35.46     30.33       9.3 MSapap   0  0  0  0  0
     31.32     28.71       7.2 MSappa   0  0  0  0  0
     27.63      30.6       9.3 MSappp   0  0  0  0  0
     47.61      17.1       9.3 MSpaaaa   0  0  0  0  0
     42.12      18.0      13.0 MSpaaap   0  0  0  0  0
     38.25      18.9       7.3 MSpaap   0  0  0  0  0
     35.73     18.99       3.0 MSpapaa   0  0  0  0  0
     29.61     20.16       3.1 MSpapap   0  0  0  0  0
     25.83     19.62       2.1 MSpapp   0  0  0  0  0
      39.6      13.5      11.1 MSppaa   0  0  0  0  0
     34.47     13.32      11.1 MSppap   0  0  0  0  0
     29.88      16.2       7.0 MSpppa   0  0  0  0  0
     24.84     17.19       8.4 MSpppp   0  0  0  0  0
     37.71     25.47      14.0 Eala   0  0  0  0  0
     30.06     26.91      13.1 Ealp   0  0  0  0  0
     35.01     19.98      13.0 Eara   0  0  0  0  0
     28.71     19.26      13.2 Earp   0  0  0  0  0
      25.2     25.74      13.1 Epla   0  0  0  0  0
     17.91     25.92      11.1 Eplp   0  0  0  0  0
     23.04     17.64      14.0 Epra   0  0  0  0  0
     17.91     21.06      12.0 Eprp   0  0  0  0  0
     18.63      28.8      19.3 Caaaa   0  0  0  0  0
     12.96     28.35      16.4 Caaap   0  0  0  0  0
      9.81     26.73      19.0 Caapa   0  0  0  0  0
       9.0     27.27      12.1 Caapp   0  0  0  0  0
     14.85     32.31       5.3 Capa   0  0  0  0  0
     12.42     31.05      11.4 Cappa   0  0  0  0  0
     10.08     27.72       5.2 Cappp   0  0  0  0  0
     19.17     23.04      19.4 Cpaaa   0  0  0  0  0
      12.6     21.33      18.2 Cpaap   0  0  0  0  0
      8.55     20.16      14.4 Cpapa   0  0  0  0  0
      7.29     24.93       6.3 Cpapp   0  0  0  0  0
     12.33     16.56       3.0 Cppa   0  0  0  0  0
     11.97     20.16       9.4 Cpppa   0  0  0  0  0
     10.89     22.59       5.1 Cpppp   0  0  0  0  0
     21.87      29.7       4.0 Daa   0  0  0  0  0
     16.02     27.27       4.1 Dap   0  0  0  0  0
     20.79     17.55       4.1 Dpa   0  0  0  0  0
     17.19     22.68       4.0 Dpp   0  0  0  0  0
     23.04      22.5       5.3  Z2   0  0  0  0  0
     28.17     24.12       7.1  Z3   0  0  0  0  0
B  72 75 1 1223.06454936 0.0296964763722
B  72 77 1 3346.47325105 0.494873349928
B  72 84 1 1967.95240706 0.393618367648
B  34 35 1 1798.94243869 0.49211897408
B  34 37 1 2063.28903108 0.571033105654
B  34 39 1 1086.79008409 0.162583015913
B  34 139 1 1557.18615985 0.0182273916811
B  133 143 1 1358.58984894 0.316494591015
B  134 143 1 3541.27628958 0.0357610974931
B  143 144 1 4504.98232732 0.632980543708
B  143 147 1 2193.46639083 0.327808747897
B  80 160 1 1166.3234047 0.0177564088391
B  160 162 1 1968.38914978 0.780664848887
B  160 163 1 3035.85635761 0.557232252915
B  160 167 1 2615.9800207 0.000626849155794
B  120 173 1 1953.43637128 0.260262427863
B  124 173 1 1264.32328705 0.462737696639
B  127 173 1 1640.12316367 0.474606211012
B  128 173 1 1530.5442438 0.720314021799
B  173 148 1 1756.10882693 0.921047126789
B  173 175 1 2993.58042032 0.978573444224
B  26 30 1 1578.30537162 0.93718265463
B  30 31 1 2402.18261402 0.573115818514
B  30 69 1 1591.54317493 0.389962749114
B  104 109 1 2227.08149024 0.823108197922
B  106 109 1 1864.5323206 0.579424293011
B  107 109 1 2255.1950341 0.679675804522
B  109 123 1 2096.05413299 0.966919890896
B  109 124 1 1927.95232612 0.223704670334
B  4 5 1 1982.97425191 0.1335744496
B  5 7 1 1293.389112 0.314503778063
B  5 35 1 1556.20350692 0.380208162363
B  2 33 1 2497.12966347 0.438847278313
B  33 35 1 1518.53666321 0.158957860183
B  32 71 1 2422.84146099 0.564740287762
B  70 71 1 2407.68630094 0.870818132547
B  40 142 1 2018.64899355 0.807230007501
B  44 142 1 2510.4628424 0.000165520756268
B  133 142 1 2050.85391613 0.677893846918
B  141 142 1 2219.07193477 0.432038391459
B  158 159 1 4772.25763609 0.6210480645
B  159 163 1 907.056595052 0.135468408273
B  159 166 1 2494.99930192 0.157954044563
B  64 156 1 2330.27154539 0.000106888975557
B  165 156 1 2113.92274532 0.480239429895
B  169 156 1 2041.99799521 0.0873620345921
B  174 156 1 2320.37648076 0.87748611411
B  154 156 1 3592.20511829 0.0398550562811
B  156 175 1 1303.31359506 0.0887058543551
B  25 29 1 2184.24913822 0.480666013501
B  29 65 1 1232.84928091 0.251710548556
B  29 69 1 1340.70081641 0.427773020488
B  107 110 1 2878.3749367 0.0861041338386
B  108 110 1 2588.85869447 0.0316464905194
B  110 111 1 2842.7793758 0.435846119722
B  110 124 1 1602.1677337 0.186907253125
B  77 92 1 1809.05074348 0.682527917703
B  78 92 1 1513.06805427 0.0374441638885
B  79 92 1 1769.05358918 0.158328352734
B  92 93 1 2417.19655894 0.908011880882
B  92 94 1 1432.61176842 0.793018584929
B  92 171 1 1268.14049934 0.842630416083
B  6 7 1 1784.37460784 0.42034578124
B  6 97 1 2416.87474479 2.02301728478e-05
B  6 139 1 1221.11701187 0.553466592131
B  32 84 1 1528.99481283 0.114201668383
B  82 84 1 1407.82095965 0.018828083404
B  84 89 1 2812.25362944 0.676529906691
B  95 171 1 1760.5560212 0.228875386532
B  96 171 1 1843.73274403 0.356270603632
B  171 138 1 2247.97136061 0.272736330357
B  171 175 1 2580.22574299 0.377607586555
B  62 155 1 1879.33243573 0.621526025159
B  63 155 1 1767.17038695 0.745134273229
B  164 155 1 1758.54204322 0.802156173685
B  174 155 1 1407.53821292 0.012398342648
B  153 155 1 1787.90461283 0.816452080829
B  155 148 1 2460.75475975 0.967495108329
B  155 175 1 1797.92811736 0.29822183355
B  108 112 1 1574.01939645 0.28439419557
B  112 126 1 2715.38755957 0.348003529709
B  112 167 1 1447.96052086 0.308467337516
B  112 169 1 3088.82403468 0.253373881707
B  12 66 1 1486.71762214 0.526002705187
B  50 66 1 1914.88896488 0.0113248846326
B  51 66 1 1348.27382871 0.143187331042
B  66 67 1 3040.44296553 0.0343642360107
B  66 69 1 1475.71629842 0.0423445813419
B  40 44 1 1485.27110522 0.771719296587
B  40 141 1 2111.22993578 0.208040422884
B  8 14 1 1163.74866071 0.203937736666
B  8 53 1 1198.97936576 0.150224889218
B  8 99 1 2211.4616023 0.991840491537
B  8 140 1 1022.32094694 0.927471840447
B  46 117 1 2206.71505741 0.351182184559
B  48 117 1 1681.6210065 0.179407614426
B  117 121 1 1626.63695854 0.433795862711
B  96 172 1 1962.74169863 0.934887277039
B  161 172 1 3025.83169962 0.148020637741
B  162 172 1 1640.33223669 0.676804560695
B  172 174 1 3936.17924756 0.678380829913
B  172 153 1 1529.68165254 0.716674063044
B  172 154 1 2860.64726801 0.64706983614
B  172 175 1 2234.08435941 0.14479619125
B  32 83 1 1814.52865633 0.0147083354885
B  82 83 1 2448.18203725 0.0831068140791
B  108 111 1 2336.77937144 0.849794808298
B  111 125 1 1118.87716883 0.213917470913
B  111 126 1 1999.44113716 0.515384320674
B  111 169 1 908.82157704 7.8387201622e-10
B  38 39 1 2338.28016267 0.0335756634833
B  39 42 1 2162.23739055 0.796201832797
B  12 31 1 1637.6310469 0.218584192649
B  12 51 1 1134.31881381 0.00494952479476
B  12 67 1 1438.98083616 0.408942913253
B  4 7 1 2211.81736895 0.776299034186
B  7 53 1 1513.73930063 0.707337482672
B  7 97 1 969.593690139 0.133767512885
B  3 13 1 1992.86601271 0.487776658271
B  4 13 1 1820.49710236 0.979280397002
B  9 13 1 1795.67866676 0.195879945683
B  13 49 1 1654.08636964 0.633766370582
B  13 129 1 1021.69925014 0.0493122725035
B  129 139 1 1348.72514621 0.014020662274
B  150 137 1 2301.2774793 0.15569711633
B  133 137 1 2694.07086162 0.0871563631711
B  134 137 1 3664.74093945 0.451432247101
B  136 137 1 3615.695545 0.172322361309
B  60 157 1 4178.78934626 0.566890453735
B  60 153 1 1248.79778657 0.0312087456831
B  60 154 1 1782.97320841 0.0574387712718
B  1 25 1 1677.58848565 0.835302955909
B  10 25 1 1412.72851978 0.365752795111
B  19 25 1 1710.14363949 0.77987145111
B  20 25 1 1735.26581706 0.368916753357
B  86 87 1 3361.97404754 0.773320957637
B  86 90 1 1725.75509314 0.0819172759064
B  4 14 1 1357.64574522 0.655752512385
B  14 49 1 1218.78122364 0.856552580224
B  14 130 1 1233.22964589 0.319943736223
B  130 140 1 1184.05020913 0.427158954558
B  140 141 1 2006.01160188 0.66846235593
B  140 145 1 1956.83155941 0.301737922594
B  91 138 1 2206.99318177 0.417309543701
B  150 138 1 2592.69181185 0.0536727985628
B  153 138 1 1749.21142359 0.0755679588563
B  26 27 1 1896.51217408 0.202442587303
B  26 81 1 2285.50798438 0.205282066749
B  28 85 1 3117.26886906 0.161508570238
B  82 85 1 1537.11166155 0.503864444792
B  32 136 1 2650.61620426 0.339097263956
B  149 136 1 2229.56936917 0.0119517578038
B  134 136 1 2398.05216719 0.254549304812
B  134 144 1 3035.81336751 0.197840552699
B  144 147 1 2633.39268843 0.233752022745
B  144 175 1 3838.17600915 0.307160334105
B  31 69 1 2071.56250447 0.0125788613838
B  65 69 1 2248.3514926 0.811877065583
B  174 175 1 2430.18061521 0.357082729906
B  153 175 1 1985.47931303 0.339292456939
B  154 175 1 1272.79287793 0.534432945157
B  148 175 1 2532.64188362 0.701350319329
B  131 135 1 2491.39109951 0.827229574225
B  32 70 1 1608.24570757 0.171629163976
B  67 70 1 2018.0512201 0.277820332207
B  55 101 1 1625.6466287 0.567998832059
B  99 101 1 1959.1031601 0.73809394941
B  100 101 1 2782.19097618 0.347113099596
B  82 89 1 1690.06379915 0.236421120651
B  104 105 1 1657.48176945 0.400869037119
B  104 106 1 2491.23481731 0.7946313877
B  104 107 1 1670.37674517 0.588899697923
B  104 116 1 2328.89645712 0.499126775835
B  104 123 1 1572.64053807 0.795134114778
B  35 41 1 2137.70241432 0.234348111673
B  64 107 1 3382.25827318 0.014640077917
B  64 108 1 2269.54283263 0.173767782794
B  64 164 1 3260.76788524 0.0146559215776
B  103 116 1 1951.41980424 0.305197341148
B  114 116 1 1626.08056189 0.327014284527
B  116 121 1 2724.37213174 0.781996556519
B  124 125 1 2527.42319988 0.236433183199
B  124 174 1 1561.92340878 0.362217837986
B  20 21 1 1437.95777696 0.48920878909
B  20 22 1 1297.22486684 0.0351673610956
B  20 27 1 1451.80057334 0.559627695395
B  90 91 1 2891.77306908 0.0586586678689
B  90 93 1 1453.33881845 0.865178027638
B  55 102 1 1476.6795545 0.0526177927725
B  56 102 1 2195.40918394 0.256494389549
B  100 102 1 1681.17660597 0.556702487689
B  102 103 1 2530.39192064 0.128914524332
B  102 105 1 1729.4101311 0.0866042913512
B  36 41 1 1458.16462168 0.00524427141509
B  36 42 1 1400.57091512 0.466003943198
B  36 47 1 1910.51169792 0.297905529906
B  103 105 1 1894.64017133 0.668576096915
B  103 115 1 1598.86376548 0.33590727563
B  62 63 1 3708.50418992 0.0395379584804
B  63 106 1 2981.61041616 0.484838599649
B  63 164 1 2620.46615742 0.217900022343
B  100 115 1 2045.78021783 0.858736850334
B  113 115 1 1375.32038479 0.388080141199
B  114 115 1 2663.35761973 0.388095750425
B  1 19 1 3233.86429738 7.5139103191e-10
B  17 19 1 1572.16725821 0.939086458582
B  19 37 1 979.79744903 0.164989275569
B  2 3 1 2310.48481379 7.20464551235e-09
B  3 9 1 1902.37449208 0.70913408406
B  3 129 1 1228.88316272 0.000573567623713
B  75 77 1 1839.5502596 0.802299244696
B  77 91 1 2202.47847985 0.289126940351
B  157 154 1 1726.0913389 0.750414838456
B  158 154 1 2469.738108 0.549510441039
B  162 154 1 1505.29971272 0.346642016042
B  163 154 1 878.9967713 1.72373693586e-05
B  58 59 1 3743.39706964 0.382564882891
B  59 75 1 2924.45239266 0.00246090058734
B  59 153 1 1998.4177687 0.441061649569
B  75 78 1 2475.56250475 0.922906053257
B  76 78 1 2423.36324719 0.886912421672
B  78 79 1 2814.98354582 0.70791615381
B  23 38 1 2080.84019872 9.24758595784e-06
B  96 161 1 3999.83813497 0.463094255981
B  161 163 1 3939.66192325 0.605711924002
B  91 93 1 1791.22882786 0.117621306959
B  76 79 1 2162.54946887 0.55879645941
B  79 94 1 1817.74410496 0.962497374181
B  126 127 1 1168.05734601 0.00500314958822
B  126 128 1 2864.97734586 0.261047628142
B  52 151 1 1785.81169241 0.851923275901
B  149 151 1 1863.53589599 0.799881509351
B  151 141 1 2208.19104696 0.221148919286
B  151 145 1 1744.13029153 0.00109522705402
B  122 123 1 2843.2571192 0.77737943498
B  123 148 1 1854.30242775 0.820060364357
B  125 127 1 2455.29623176 0.976102055638
B  76 80 1 1823.40394299 0.594423807836
B  80 94 1 2423.77614093 0.541504844548
B  80 162 1 3176.69733385 0.537662879215
B  62 106 1 1307.100956 0.449852229358
B  106 107 1 2552.62773759 0.00695316985587
B  150 152 1 2521.14768558 0.0862137002103
B  152 153 1 1473.75365633 0.0827210336945
B  1 9 1 2207.80763793 0.573704551159
B  1 10 1 1355.31301202 0.19287038351
B  1 129 1 1005.3919574 0.0120529928926
B  10 11 1 2219.26769924 0.101230216995
B  10 65 1 1835.10555109 0.711059631949
B  47 113 1 2226.438669 0.0115959197594
B  48 113 1 1596.34111104 0.515517488832
B  98 113 1 2472.65774146 0.0816398839891
B  97 99 1 1783.06690958 0.262493087273
B  98 99 1 2051.16649758 0.0433666585356
B  98 100 1 1827.50363376 0.00831192441817
B  22 28 1 1454.24621482 0.708776470976
B  24 28 1 1434.96943392 0.305284144624
B  28 81 1 1280.38075508 0.00419901188695
B  28 82 1 1448.97829935 0.536661017074
B  9 11 1 1793.04218511 0.161074324959
B  48 114 1 1843.24826807 0.674825976896
B  114 121 1 1368.587483 0.18922809826
B  21 27 1 1289.82780116 0.394121345726
B  22 27 1 2228.6282355 3.28250923981e-05
B  27 81 1 1918.35796082 0.632178179706
B  22 23 1 3200.51562636 0.00134577787139
B  58 153 1 2479.69762519 0.0021936437218
B  150 153 1 2869.35287708 0.438979255251
B  88 95 1 3042.00583853 0.0292343483859
B  93 95 1 2492.57553896 0.106501801578
B  94 95 1 1292.26980054 3.27404814983e-08
B  52 57 1 4009.95820147 0.510012627253
B  57 68 1 3753.02184369 0.01190340464
B  42 43 1 2739.8665103 0.0410999341845
B  43 45 1 2326.18091164 0.460260558036
B  24 132 1 2507.40826114 0.0131738717034
B  88 96 1 1583.52564196 0.348794133805
B  94 96 1 2528.23735138 0.0293789042941
B  44 46 1 2096.96230705 0.899959058417
B  11 49 1 1673.13055137 0.792314517838
B  62 164 1 2000.89476057 0.362052906995
B  158 165 1 2604.83552029 0.230596809607
B  165 166 1 4184.22229539 0.283477832118
B  56 105 1 1777.36152592 0.821498261259
B  61 105 1 1660.86550277 0.0617984381255
B  50 51 1 2789.03413694 0.647215948267
B  50 130 1 1141.68587613 0.987036287712
B  128 168 1 4020.365061 0.0629305563354
B  168 170 1 4535.39787537 0.849679808284
B  168 174 1 3796.80778145 0.0639423565655
B  18 21 1 2311.33469905 0.0146046322648
B  118 121 1 1439.10284094 0.524105749464
B  51 54 1 1895.24162357 0.0926007184509
B  51 67 1 1630.75071051 0.517551766641
B  120 128 1 1557.36932373 0.187795567975
B  128 174 1 1837.03870196 0.982079063495
B  118 122 1 1907.91118072 0.443252894675
B  120 122 1 1669.18046331 0.146485662117
B  122 127 1 1287.40376861 0.37707383152
B  52 61 1 3462.38409057 0.0221358145039
B  120 127 1 2818.9121319 0.790777211494
B  76 157 1 2158.21713114 0.736788937698
B  76 158 1 2133.93338874 0.751063358538
B  76 162 1 1876.78215183 0.672309569162
B  11 65 1 2347.87137577 0.139975241548
B  56 61 1 3684.81449099 0.0189995002626
B  48 146 1 2034.70303289 0.261732521511
B  146 147 1 3901.07069032 2.43485560844e-05
B  46 48 1 1902.38953363 0.000190244274166
B  163 170 1 2678.90474629 0.000433988652539
B  47 145 1 1791.76531545 0.213330575959
B  141 145 1 2380.06333916 0.128642395393
B  45 47 1 2530.10061698 0.0181365786884
B  149 141 1 1985.99606733 0.00718996192932
B  169 174 1 1319.01277944 0.865879679443
B  108 166 1 2414.35950852 0.702276873103
B  108 169 1 1845.37668895 0.34293639602
B  11 130 1 1525.44258 0.706374381278
B  88 134 1 2262.65640372 0.88879758847
B  166 169 1 2174.49699845 0.683547197746
B  54 55 1 3302.73873476 0.00900190653644
B  133 134 1 3633.13778454 0.389871231473
B  166 170 1 902.305813744 0.0412933701224
B  167 170 1 3697.72466978 0.60341444437
B  131 141 1 1478.6118846 0.248399429501
B  46 119 1 1524.68211882 0.144956249759
B  118 119 1 2799.64689128 0.316199102341
B  46 118 1 1169.33982935 0.0776141090538
B  118 120 1 1342.43686479 0.305362034441
M END
$$$$