130604PHA4cdk4ip2_050
kurekaoru/ZhaoLAB_HKBU/161124

 44  0  0  0  0  0  0  0  0  0  0 V3000
      55.8     22.59       7.1 ABalaaa   0  0  0  0  0
      50.4     26.01       6.0 ABalaap   0  0  0  0  0
     54.18     16.92      15.1 ABalapa   0  0  0  0  0
     48.15     21.24      13.1 ABalapp   0  0  0  0  0
     53.73     25.92      20.1 ABalpaa   0  0  0  0  0
     50.22     31.86      15.3 ABalpap   0  0  0  0  0
     46.08      29.7      23.2 ABalppa   0  0  0  0  0
     41.22     34.11      17.2 ABalppp   0  0  0  0  0
     50.22     16.02       6.1 ABaraaa   0  0  0  0  0
     46.26      17.1       5.8 ABaraap   0  0  0  0  0
     43.65     11.88       6.1 ABarapa   0  0  0  0  0
     37.89     12.24       6.8 ABarapp   0  0  0  0  0
     44.82     13.05      20.2 ABarpaa   0  0  0  0  0
     39.96     14.04      15.0 ABarpap   0  0  0  0  0
     34.02      14.4      22.2 ABarppa   0  0  0  0  0
     29.25     13.77      19.1 ABarppp   0  0  0  0  0
     49.32     19.26      23.1 ABplaaa   0  0  0  0  0
     44.73     23.58      19.0 ABplaap   0  0  0  0  0
     39.24     20.43      23.3 ABplapa   0  0  0  0  0
     35.46      25.2      19.1 ABplapp   0  0  0  0  0
     35.01     33.21      23.2 ABplpaa   0  0  0  0  0
      29.7      36.0      15.3 ABplpap   0  0  0  0  0
     27.18      33.3      23.1 ABplppa   0  0  0  0  0
     22.14     34.92      16.3 ABplppp   0  0  0  0  0
     36.81       8.1      11.0 ABpraaa   0  0  0  0  0
     30.96     11.43       7.0 ABpraap   0  0  0  0  0
     24.57     10.08      16.2 ABprapa   0  0  0  0  0
     18.09     11.79      15.1 ABprapp   0  0  0  0  0
     22.14     14.22       6.1 ABprpaa   0  0  0  0  0
      20.7     17.91       6.1 ABprpap   0  0  0  0  0
     14.49     13.05       8.0 ABprppa   0  0  0  0  0
     12.96     19.17       6.2 ABprppp   0  0  0  0  0
     44.64     31.86       7.2 MSaa   0  0  0  0  0
     36.45     34.65       8.2 MSap   0  0  0  0  0
     38.34     24.93       8.0 MSpa   0  0  0  0  0
     29.16     18.18       7.0 MSpp   0  0  0  0  0
     29.52     25.47      11.3  Ea   0  0  0  0  0
     19.17     25.92      15.1  Ep   0  0  0  0  0
     27.99     22.59      23.2 Caa   0  0  0  0  0
     20.07     27.81      24.1 Cap   0  0  0  0  0
     18.54     17.01      22.1 Cpa   0  0  0  0  0
      9.09     22.32      19.2 Cpp   0  0  0  0  0
     11.52     27.81      11.2   D   0  0  0  0  0
     17.19     33.75       9.1  P4   0  0  0  0  0
B  1 3 1 6160.51670762 0.863598679832
B  3 13 1 6182.12054354 0.112800491036
B  3 17 1 7266.97121649 0.466744860555
B  10 12 1 2989.04385124 0.599887598502
B  12 14 1 3702.16619319 0.26365250518
B  12 26 1 6021.94853607 0.897383169663
B  12 35 1 5812.34637302 0.649652627768
B  8 34 1 7612.30233543 0.489563227218
B  22 34 1 7236.70334063 0.667785008517
B  34 35 1 7119.68205357 0.119039899127
B  1 9 1 4626.57567016 0.350211122191
B  9 11 1 5761.60918745 0.652750311347
B  28 29 1 4049.2721015 0.0070014951184
B  28 31 1 8042.12845389 0.659312575085
B  28 41 1 8841.36842703 0.000745047891278
B  5 7 1 5215.84431302 0.661990839139
B  6 7 1 6239.11287372 0.416535607574
B  7 18 1 8001.35813233 0.199324218333
B  7 21 1 3503.17351281 0.315309466366
B  16 27 1 8638.91935141 0.726204654952
B  16 39 1 7221.24708613 0.521380296134
B  30 31 1 3845.55846795 0.0194315668718
B  2 4 1 3660.80053592 0.409493416486
B  4 10 1 3549.87955844 0.528894100556
B  4 14 1 3601.56892042 0.306445214291
B  4 18 1 4460.38880545 0.46270007693
B  2 33 1 5685.50648964 0.000597996712418
B  6 33 1 7840.59473727 0.00487331410009
B  33 35 1 8547.40390401 0.000533900363539
B  10 11 1 4090.41823525 1.70763309349e-05
B  11 13 1 4956.02723097 0.700620768921
B  11 14 1 3740.37587231 0.799388938456
B  11 25 1 5175.04268645 0.404576380463
B  2 10 1 3444.94787912 0.10362423851
B  10 35 1 5349.52188149 4.63016995606e-05
B  26 27 1 4190.45631663 0.897808622451
B  27 29 1 4425.52534037 1.07705842559e-07
B  6 8 1 4244.9387437 0.908434547274
B  8 21 1 6958.32580914 0.381888370345
B  13 15 1 4938.92274147 0.408093642655
B  14 15 1 3770.71057325 0.0255297546457
B  15 19 1 6466.84058533 0.71378974849
B  15 25 1 6065.0346177 0.717590899958
B  30 32 1 6178.89482704 0.373796052732
B  32 42 1 4932.43178452 0.545125980935
B  32 43 1 7134.64556876 0.00769502606944
B  30 38 1 4917.39222547 0.179602429839
B  30 36 1 7754.13901308 0.596850237301
B  20 21 1 4885.48795767 0.00109864383346
B  21 23 1 4184.30531079 0.734187821509
B  2 5 1 4103.28644007 0.942912578516
B  2 6 1 2981.55180724 1.1378262976e-08
B  26 29 1 5989.38269822 0.789562069695
B  22 23 1 4325.80352583 0.429840430529
B  22 24 1 6237.7876547 0.0669901048366
B  24 40 1 4974.09232483 0.325288547785
B  24 44 1 3139.10928206 0.00952456149039
B  23 40 1 3803.6010244 0.0906902231544
B  40 41 1 5294.82202633 0.693678083525
B  40 42 1 6045.45955509 0.432144572081
B  40 38 1 8280.67682968 0.654940108338
B  42 43 1 8547.48438516 0.148208397171
B  43 38 1 5690.23618694 0.255748394396
B  43 44 1 9275.35018681 0.303386061456
B  37 44 1 3677.51923287 0.0330260046005
B  38 44 1 13719.7910652 0.149226856143
B  36 44 1 3289.8009041 0.000536364108822
B  39 41 1 5001.98539449 0.0783198690148
B  5 17 1 4939.30953011 0.0867763100691
B  17 19 1 5033.58725948 0.887741360151
B  14 19 1 3829.66276751 0.970097205108
B  14 25 1 3050.9512626 0.00196451934862
B  20 39 1 6813.54561086 0.148285266081
B  39 37 1 4670.26157238 0.332865419692
B  20 23 1 5219.46199171 0.00694132742601
B  37 35 1 6709.75456303 0.923967559997
B  18 19 1 6204.64228665 0.00117043651068
B  18 20 1 4878.80911291 0.355428379345
B  20 37 1 6430.76690235 0.00676479674963
B  37 36 1 11573.4284279 0.357288704924
B  26 36 1 5307.81496498 0.000714784965844
M END
$$$$