CD130619PHA4p2_020
kurekaoru/ZhaoLAB_HKBU/161115

 12  0  0  0  0  0  0  0  0  0  0 V2000
     12.78     21.33      20.0   O   0  0  0  0  0
     19.08     29.16      21.1   O   0  0  0  0  0
     23.85     14.13      25.1   O   0  0  0  0  0
      28.8     11.25      13.5   O   0  0  0  0  0
     23.85     21.33      10.0   O   0  0  0  0  0
      30.6     28.44      11.1   O   0  0  0  0  0
     37.71     10.89      26.4   O   0  0  0  0  0
      41.4     18.63      26.1   O   0  0  0  0  0
     29.07     26.28      26.0   O   0  0  0  0  0
     41.31     29.88      19.8   O   0  0  0  0  0
     42.48     17.37      11.1   O   0  0  0  0  0
     49.68     24.93      15.5   O   0  0  0  0  0
 1  9  1  0  0  0  0
M END
$$$$