CD130619PHA4p2_150
kurekaoru/ZhaoLAB_HKBU/161110

361  0  0  0  0  0  0  0  0  0  0 V2000
      6.75    13.725      10.1   C   0  0  0  0  0
     8.415    15.255     11.45   C   0  0  0  0  0
      5.76    11.925      10.1   C   0  0  0  0  0
      5.85      9.09     10.95   C   0  0  0  0  0
      5.67     12.33      8.45   C   0  0  0  0  0
      5.13    10.215       8.0   C   0  0  0  0  0
     5.625     8.325       8.0   C   0  0  0  0  0
      6.39      7.83      10.5   C   0  0  0  0  0
       7.2       8.1      12.6   C   0  0  0  0  0
      8.28      7.11     13.45   C   0  0  0  0  0
     8.235     6.255     12.55   C   0  0  0  0  0
       9.0     5.445      11.2   C   0  0  0  0  0
     6.705     6.615       9.6   C   0  0  0  0  0
      7.65     6.885      9.55   C   0  0  0  0  0
      6.93     6.795      8.45   C   0  0  0  0  0
      7.38      6.03       6.6   C   0  0  0  0  0
     5.265     11.61      6.45   C   0  0  0  0  0
      6.12    12.105       5.1   C   0  0  0  0  0
     6.705    13.275      6.95   C   0  0  0  0  0
      7.47    13.995      5.55   C   0  0  0  0  0
      6.48     10.98       4.0   C   0  0  0  0  0
     7.605      11.7      4.05   C   0  0  0  0  0
      8.28      13.5      4.45   C   0  0  0  0  0
    10.575    12.915       3.5   C   0  0  0  0  0
     5.265     9.585      6.65   C   0  0  0  0  0
     5.625     9.855      5.55   C   0  0  0  0  0
     6.075     7.425      6.95   C   0  0  0  0  0
     6.975      6.93       5.6   C   0  0  0  0  0
     6.975      8.46       5.0   C   0  0  0  0  0
      8.19       8.1      3.55   C   0  0  0  0  0
      8.55       6.3      5.05   C   0  0  0  0  0
    10.665     5.445       2.6   C   0  0  0  0  0
      7.74     12.42     13.45   C   0  0  0  0  0
      9.09    11.475     14.05   C   0  0  0  0  0
      9.72    12.105     13.05   C   0  0  0  0  0
    10.305    13.185     10.95   C   0  0  0  0  0
     6.705     11.34     10.95   C   0  0  0  0  0
     8.505     12.33     10.65   C   0  0  0  0  0
      7.29    13.455      12.5   C   0  0  0  0  0
      9.27    13.995      12.0   C   0  0  0  0  0
      9.36    13.275      14.1   C   0  0  0  0  0
     10.71      11.7     14.55   C   0  0  0  0  0
     12.33     14.31      13.5   C   0  0  0  0  0
    13.815    14.625      14.1   C   0  0  0  0  0
     11.07    13.275      13.5   C   0  0  0  0  0
    12.465    12.285      13.6   C   0  0  0  0  0
     11.07     12.06      11.9   C   0  0  0  0  0
    13.455      12.6     11.55   C   0  0  0  0  0
      6.48    14.085       9.0   C   0  0  0  0  0
      7.38     15.12      8.55   C   0  0  0  0  0
      9.54     16.02     11.15   C   0  0  0  0  0
      9.27    16.155      9.45   C   0  0  0  0  0
     10.17     14.49      13.6   C   0  0  0  0  0
    10.755     15.57      13.1   C   0  0  0  0  0
    11.745    15.255     11.65   C   0  0  0  0  0
     13.14     16.02     12.65   C   0  0  0  0  0
     7.425    14.985      7.55   C   0  0  0  0  0
      8.28    15.705      7.05   C   0  0  0  0  0
     9.675     16.11       7.6   C   0  0  0  0  0
    10.845     16.65       6.1   C   0  0  0  0  0
      8.82     15.03      5.65   C   0  0  0  0  0
     9.675      15.3       4.6   C   0  0  0  0  0
     11.16     15.66      5.55   C   0  0  0  0  0
     12.78    15.795      4.55   C   0  0  0  0  0
     6.255    10.755     12.05   C   0  0  0  0  0
     7.785     9.945     13.55   C   0  0  0  0  0
     6.615     9.855      9.95   C   0  0  0  0  0
       8.1      9.63       8.0   C   0  0  0  0  0
      7.56     9.855      11.6   C   0  0  0  0  0
     9.225     9.765     11.05   C   0  0  0  0  0
      8.46     8.955     14.05   C   0  0  0  0  0
     9.495     7.785     13.65   C   0  0  0  0  0
      7.74     11.07       9.0   C   0  0  0  0  0
     9.405    10.935      8.65   C   0  0  0  0  0
    10.215    12.645      8.45   C   0  0  0  0  0
     11.25    10.575      8.95   C   0  0  0  0  0
     7.875     8.685      9.95   C   0  0  0  0  0
      9.45      8.73      9.55   C   0  0  0  0  0
    11.115     8.865       9.6   C   0  0  0  0  0
     12.87     8.775      9.95   C   0  0  0  0  0
     9.855     9.675      14.0   C   0  0  0  0  0
    10.755      8.64      14.0   C   0  0  0  0  0
     10.08      9.09      12.1   C   0  0  0  0  0
     11.52     9.135     11.55   C   0  0  0  0  0
     11.79     9.585      13.6   C   0  0  0  0  0
    12.825    10.395     14.05   C   0  0  0  0  0
     11.79     10.89     12.95   C   0  0  0  0  0
     14.31    10.305     12.55   C   0  0  0  0  0
    11.745     7.875     14.55   C   0  0  0  0  0
     12.96      9.09      14.6   C   0  0  0  0  0
     13.41      7.02      14.5   C   0  0  0  0  0
    14.895      7.56      14.5   C   0  0  0  0  0
    10.035     6.525     14.05   C   0  0  0  0  0
    12.195     7.065     13.05   C   0  0  0  0  0
    11.385     5.985      13.5   C   0  0  0  0  0
     12.96      5.31     13.95   C   0  0  0  0  0
     7.605     9.585      2.95   C   0  0  0  0  0
     8.955    10.665      2.15   C   0  0  0  0  0
     9.675       9.0      2.05   C   0  0  0  0  0
     10.89     8.145       1.6   C   0  0  0  0  0
     11.97      8.82       2.0   C   0  0  0  0  0
     13.86     10.08      2.05   C   0  0  0  0  0
     15.12     7.605      2.05   C   0  0  0  0  0
    16.785     9.405      2.45   C   0  0  0  0  0
     8.595       8.1       2.0   C   0  0  0  0  0
      9.99     7.065       3.0   C   0  0  0  0  0
     11.34      6.93      2.05   C   0  0  0  0  0
    12.915     7.155      2.05   C   0  0  0  0  0
    11.475     5.355       2.0   C   0  0  0  0  0
    12.915      5.31      2.55   C   0  0  0  0  0
    14.085     4.545      3.05   C   0  0  0  0  0
    15.705      3.78       3.1   C   0  0  0  0  0
     15.66    11.655      1.65   C   0  0  0  0  0
    16.965    12.735       2.5   C   0  0  0  0  0
    18.495     9.945       2.0   C   0  0  0  0  0
     20.07    12.645      2.45   C   0  0  0  0  0
     18.36     13.86      2.65   C   0  0  0  0  0
    20.205    14.805       4.0   C   0  0  0  0  0
    22.185    13.725       4.0   C   0  0  0  0  0
     24.21     13.41       6.1   C   0  0  0  0  0
    15.165      5.22       1.5   C   0  0  0  0  0
     16.83     4.455      3.05   C   0  0  0  0  0
    17.145     6.615       2.0   C   0  0  0  0  0
      19.8     4.545      3.95   C   0  0  0  0  0
    18.225     3.465      4.65   C   0  0  0  0  0
    20.115       3.6      5.55   C   0  0  0  0  0
     22.59     5.355       5.5   C   0  0  0  0  0
     24.48      6.84      7.55   C   0  0  0  0  0
      8.19     12.15       2.5   C   0  0  0  0  0
     9.765    12.015      1.65   C   0  0  0  0  0
      10.8    10.845       2.0   C   0  0  0  0  0
     12.42    11.025      2.55   C   0  0  0  0  0
     11.52    12.915       1.6   C   0  0  0  0  0
     13.05    13.545       2.0   C   0  0  0  0  0
      14.4     14.04      2.05   C   0  0  0  0  0
     15.57     13.41      2.55   C   0  0  0  0  0
     8.505    13.635      2.55   C   0  0  0  0  0
      9.99    14.175       3.0   C   0  0  0  0  0
    10.755     15.48       3.5   C   0  0  0  0  0
    12.015    14.535      3.05   C   0  0  0  0  0
    12.375    16.335      3.05   C   0  0  0  0  0
     14.22     16.02       3.5   C   0  0  0  0  0
     15.66     16.83       5.5   C   0  0  0  0  0
    17.325    16.785       6.5   C   0  0  0  0  0
     15.75    15.075      3.45   C   0  0  0  0  0
    16.875    14.355      3.55   C   0  0  0  0  0
    17.865     15.66      3.55   C   0  0  0  0  0
    19.035    16.065       5.5   C   0  0  0  0  0
     22.95     14.58       5.5   C   0  0  0  0  0
     23.67    14.805       7.4   C   0  0  0  0  0
    24.255    14.625      8.65   C   0  0  0  0  0
     24.12    13.995     11.05   C   0  0  0  0  0
     19.26     16.47      7.65   C   0  0  0  0  0
     20.79    16.425       9.4   C   0  0  0  0  0
    21.195     15.93       6.5   C   0  0  0  0  0
     22.14     15.57      7.55   C   0  0  0  0  0
     21.78     15.48     10.45   C   0  0  0  0  0
    22.635     14.94     11.95   C   0  0  0  0  0
    23.355    14.085      13.0   C   0  0  0  0  0
     23.13     12.51     13.35   C   0  0  0  0  0
    11.475     16.38      10.6   C   0  0  0  0  0
    13.275     16.47     11.05   C   0  0  0  0  0
    12.645     16.65      9.55   C   0  0  0  0  0
     14.04      17.1       9.5   C   0  0  0  0  0
    11.115     16.47       8.5   C   0  0  0  0  0
    12.555    17.055       7.6   C   0  0  0  0  0
     13.59    16.965       6.1   C   0  0  0  0  0
     14.94      17.1      8.05   C   0  0  0  0  0
    14.355    14.895      12.0   C   0  0  0  0  0
     15.39    14.625      12.5   C   0  0  0  0  0
    16.245     14.13     13.95   C   0  0  0  0  0
    17.325    13.185     14.45   C   0  0  0  0  0
    14.805     12.87     14.05   C   0  0  0  0  0
     17.19    12.465     12.25   C   0  0  0  0  0
     17.37    11.565     14.45   C   0  0  0  0  0
    18.945     11.43     14.45   C   0  0  0  0  0
     15.12    16.155      10.5   C   0  0  0  0  0
    16.515     16.74       9.2   C   0  0  0  0  0
      17.1     15.66      12.9   C   0  0  0  0  0
     18.09    14.625      13.5   C   0  0  0  0  0
    16.335    16.155     11.05   C   0  0  0  0  0
    17.685     16.38     11.05   C   0  0  0  0  0
     18.99     16.29      11.4   C   0  0  0  0  0
    20.565     15.84      12.0   C   0  0  0  0  0
    19.125    15.165      12.9   C   0  0  0  0  0
    20.745    14.805      13.4   C   0  0  0  0  0
    21.645    13.545     13.65   C   0  0  0  0  0
     22.59    12.735     14.55   C   0  0  0  0  0
     18.36     12.96      13.5   C   0  0  0  0  0
    19.755    13.455     13.55   C   0  0  0  0  0
     19.98     11.43     13.45   C   0  0  0  0  0
     21.42    11.385      14.1   C   0  0  0  0  0
      8.46     5.265      8.55   C   0  0  0  0  0
     9.225      4.05      8.05   C   0  0  0  0  0
      9.72       4.5      10.0   C   0  0  0  0  0
    10.755       3.6      8.05   C   0  0  0  0  0
     8.775      5.49      7.45   C   0  0  0  0  0
     9.495      4.41      6.05   C   0  0  0  0  0
     10.71     4.635      6.95   C   0  0  0  0  0
    12.645      3.96      6.55   C   0  0  0  0  0
      7.83     6.525      3.05   C   0  0  0  0  0
      9.36     5.175      3.65   C   0  0  0  0  0
    10.755     4.005      4.55   C   0  0  0  0  0
    12.015      4.32       4.0   C   0  0  0  0  0
    12.285     2.925       6.0   C   0  0  0  0  0
     13.95     2.925      6.55   C   0  0  0  0  0
    15.525       2.7       7.6   C   0  0  0  0  0
    17.325      2.97      9.55   C   0  0  0  0  0
     15.39      3.06       5.5   C   0  0  0  0  0
    16.785     3.465       5.6   C   0  0  0  0  0
    18.045      2.61       7.0   C   0  0  0  0  0
    19.485      3.33       8.5   C   0  0  0  0  0
     23.13      4.95      7.05   C   0  0  0  0  0
     23.94      5.49      9.05   C   0  0  0  0  0
      24.3     6.075      11.0   C   0  0  0  0  0
     24.75     7.515     12.05   C   0  0  0  0  0
     19.08      3.51      11.0   C   0  0  0  0  0
    20.565     4.365     10.55   C   0  0  0  0  0
    21.105       3.6      7.55   C   0  0  0  0  0
    22.455      4.59       9.5   C   0  0  0  0  0
     21.42     5.265      12.1   C   0  0  0  0  0
    22.365     6.255      12.6   C   0  0  0  0  0
     23.67      6.84      13.5   C   0  0  0  0  0
      23.4     8.505      14.0   C   0  0  0  0  0
    11.025     5.085     12.05   C   0  0  0  0  0
     12.51      4.95      12.0   C   0  0  0  0  0
    12.465      4.32      11.0   C   0  0  0  0  0
    13.725      3.69      12.0   C   0  0  0  0  0
     10.98      4.23      10.6   C   0  0  0  0  0
    12.285     3.465       9.5   C   0  0  0  0  0
     13.77      3.42      9.55   C   0  0  0  0  0
    15.165     3.375      11.0   C   0  0  0  0  0
    14.175     5.715     13.55   C   0  0  0  0  0
    14.715     6.795      12.5   C   0  0  0  0  0
    15.975     6.795     14.05   C   0  0  0  0  0
    17.595     7.695     14.55   C   0  0  0  0  0
     14.58      9.27     14.55   C   0  0  0  0  0
     16.11      9.09     14.05   C   0  0  0  0  0
    17.145     9.945     14.05   C   0  0  0  0  0
    19.215       9.9     13.65   C   0  0  0  0  0
     14.04      5.31      11.5   C   0  0  0  0  0
    15.165     4.635      11.7   C   0  0  0  0  0
     16.83     5.715     13.95   C   0  0  0  0  0
    18.135     5.985      14.0   C   0  0  0  0  0
     15.66     4.725     12.55   C   0  0  0  0  0
    17.235      4.14      13.1   C   0  0  0  0  0
    18.405     4.725      12.9   C   0  0  0  0  0
     19.98     4.815      13.0   C   0  0  0  0  0
    19.575     5.805     14.05   C   0  0  0  0  0
     20.97     6.165     14.05   C   0  0  0  0  0
    22.095      7.65     13.65   C   0  0  0  0  0
     22.05      8.73     13.75   C   0  0  0  0  0
     19.08      7.38     14.05   C   0  0  0  0  0
     20.34      7.83     13.95   C   0  0  0  0  0
     20.88     9.315     13.95   C   0  0  0  0  0
     21.96    10.035     14.55   C   0  0  0  0  0
     6.255    10.035      7.55   C   0  0  0  0  0
      7.47     9.765       5.5   C   0  0  0  0  0
     9.315     10.89      4.45   C   0  0  0  0  0
     11.25     10.26       4.5   C   0  0  0  0  0
     8.505    11.385       6.6   C   0  0  0  0  0
     10.35     11.16      6.05   C   0  0  0  0  0
      11.7     9.765       7.0   C   0  0  0  0  0
    11.655    12.915      9.65   C   0  0  0  0  0
    12.555     12.06      7.55   C   0  0  0  0  0
    13.635    12.645      9.65   C   0  0  0  0  0
      15.3     12.24      10.5   C   0  0  0  0  0
    16.065    11.925     12.15   C   0  0  0  0  0
    16.875     13.59      11.5   C   0  0  0  0  0
     7.335     12.87       8.5   C   0  0  0  0  0
     8.955     13.23      7.95   C   0  0  0  0  0
    11.025    14.535       9.6   C   0  0  0  0  0
     9.675    14.445       7.9   C   0  0  0  0  0
    11.565     14.49      7.95   C   0  0  0  0  0
    10.665    13.635       6.0   C   0  0  0  0  0
    12.645     13.41       4.5   C   0  0  0  0  0
     13.59    13.545      8.05   C   0  0  0  0  0
    15.075     14.13       9.0   C   0  0  0  0  0
     13.41    15.255       7.1   C   0  0  0  0  0
    14.625    13.815       5.0   C   0  0  0  0  0
       7.2      8.55       8.1   C   0  0  0  0  0
     9.045      8.46      6.55   C   0  0  0  0  0
    10.215     9.135       5.0   C   0  0  0  0  0
     11.88      8.19       5.1   C   0  0  0  0  0
     10.08     7.155      9.05   C   0  0  0  0  0
    11.295     7.605      7.55   C   0  0  0  0  0
     14.04     8.865      4.05   C   0  0  0  0  0
    12.375    10.755     11.05   C   0  0  0  0  0
    13.995     10.26       8.6   C   0  0  0  0  0
     14.49     9.405      10.9   C   0  0  0  0  0
     16.11     10.08      11.5   C   0  0  0  0  0
    17.685    10.575      12.2   C   0  0  0  0  0
     17.46      8.19     11.65   C   0  0  0  0  0
     8.415     7.425      11.5   C   0  0  0  0  0
      9.63      6.66      10.1   C   0  0  0  0  0
    11.745     6.255      10.1   C   0  0  0  0  0
    10.485     5.715      8.95   C   0  0  0  0  0
     12.06     5.535       8.1   C   0  0  0  0  0
    10.755      5.94       6.1   C   0  0  0  0  0
    13.095     5.895       6.1   C   0  0  0  0  0
    13.365     7.515      10.5   C   0  0  0  0  0
    15.075      6.57     10.45   C   0  0  0  0  0
    13.905     5.085      8.55   C   0  0  0  0  0
    15.525      5.31       6.1   C   0  0  0  0  0
     12.51    11.205       5.5   C   0  0  0  0  0
     15.57     10.35       5.5   C   0  0  0  0  0
     15.48    11.475       7.5   C   0  0  0  0  0
    17.595    11.475      7.05   C   0  0  0  0  0
      13.5     8.505       6.5   C   0  0  0  0  0
     15.57     7.965      5.55   C   0  0  0  0  0
    14.715     7.875       8.5   C   0  0  0  0  0
     17.37     8.865       8.0   C   0  0  0  0  0
     17.82    10.035       5.5   C   0  0  0  0  0
     20.16    10.485      6.55   C   0  0  0  0  0
    21.915     10.35      6.55   C   0  0  0  0  0
     21.51      10.8      10.0   C   0  0  0  0  0
     17.46      7.74      5.05   C   0  0  0  0  0
     19.62      8.46       6.0   C   0  0  0  0  0
     20.97      8.28       7.5   C   0  0  0  0  0
    22.365      8.82      9.55   C   0  0  0  0  0
    20.655     9.765      2.35   C   0  0  0  0  0
    22.725     10.98      2.55   C   0  0  0  0  0
     23.94    11.565       4.0   C   0  0  0  0  0
    25.335    11.205       7.0   C   0  0  0  0  0
     24.12     10.98     13.05   C   0  0  0  0  0
     24.93    12.285     11.05   C   0  0  0  0  0
     24.93    10.395      13.5   C   0  0  0  0  0
    18.945    14.445      8.65   C   0  0  0  0  0
      19.8     12.24      11.5   C   0  0  0  0  0
     20.43    14.355      9.05   C   0  0  0  0  0
    21.375     13.41     11.45   C   0  0  0  0  0
    20.385    14.355      7.05   C   0  0  0  0  0
    21.645    13.365      8.55   C   0  0  0  0  0
    23.085    13.005      9.05   C   0  0  0  0  0
     21.87    11.835     11.65   C   0  0  0  0  0
     19.44     6.615       2.5   C   0  0  0  0  0
    21.915     5.985      3.05   C   0  0  0  0  0
      23.4     7.515       3.5   C   0  0  0  0  0
     25.02     9.045       5.0   C   0  0  0  0  0
    25.515     10.71      9.55   C   0  0  0  0  0
     25.38     8.325       8.0   C   0  0  0  0  0
    25.335      9.27      11.5   C   0  0  0  0  0
     23.49     10.53     14.45   C   0  0  0  0  0
      18.9       6.3      10.1   C   0  0  0  0  0
     19.53       9.0      12.4   C   0  0  0  0  0
     20.25      6.48     11.45   C   0  0  0  0  0
     21.15     9.495     12.05   C   0  0  0  0  0
    20.925     5.805       7.7   C   0  0  0  0  0
    21.735     6.435      9.15   C   0  0  0  0  0
     23.13       7.2     10.55   C   0  0  0  0  0
    22.905     9.585     12.05   C   0  0  0  0  0
     15.57     14.94       6.5   C   0  0  0  0  0
    16.515     14.49       9.0   C   0  0  0  0  0
    17.685    14.535       6.1   C   0  0  0  0  0
    19.665     12.78       4.5   C   0  0  0  0  0
     15.57      5.04       8.0   C   0  0  0  0  0
    16.785     6.075       9.6   C   0  0  0  0  0
     17.73      4.41      8.55   C   0  0  0  0  0
      18.9      5.76       6.5   C   0  0  0  0  0
     19.08      8.73       9.5   C   0  0  0  0  0
     17.64    12.105      10.5   C   0  0  0  0  0
 1  9  1  0  0  0  0
M END
$$$$