CD130619PHA4p2_062
kurekaoru/ZhaoLAB_HKBU/161110

 53  0  0  0  0  0  0  0  0  0  0 V2000
     6.345      8.55      7.35   C   0  0  0  0  0
     7.785     10.53       9.9   C   0  0  0  0  0
      8.64      6.75       5.4   C   0  0  0  0  0
      10.8      8.82       8.4   C   0  0  0  0  0
     7.155    11.475      5.45   C   0  0  0  0  0
     8.685    14.085      9.35   C   0  0  0  0  0
      9.36    14.265       4.9   C   0  0  0  0  0
     12.15    15.075      7.95   C   0  0  0  0  0
      8.37      6.57      10.4   C   0  0  0  0  0
     9.675     8.325     13.15   C   0  0  0  0  0
     11.88      4.95      11.9   C   0  0  0  0  0
    15.615     5.805      14.4   C   0  0  0  0  0
    11.745       5.4      5.95   C   0  0  0  0  0
     14.31      6.66       9.5   C   0  0  0  0  0
    15.435      4.23      4.95   C   0  0  0  0  0
    18.585      6.48      8.05   C   0  0  0  0  0
    10.125      8.91      3.15   C   0  0  0  0  0
     11.61     11.52       4.5   C   0  0  0  0  0
    13.725     8.685      4.15   C   0  0  0  0  0
     15.39    12.375       4.9   C   0  0  0  0  0
     13.05    15.885       4.0   C   0  0  0  0  0
     15.39     16.74       8.9   C   0  0  0  0  0
    16.335     15.84      3.95   C   0  0  0  0  0
     18.63    16.695       7.0   C   0  0  0  0  0
     15.21      3.15      9.35   C   0  0  0  0  0
     18.45      4.14      11.9   C   0  0  0  0  0
     20.16     3.825       7.0   C   0  0  0  0  0
     22.23      7.38       8.9   C   0  0  0  0  0
     21.51     4.545     12.45   C   0  0  0  0  0
     21.69     7.695      13.9   C   0  0  0  0  0
    24.255      7.02     11.85   C   0  0  0  0  0
    24.345    10.305     12.45   C   0  0  0  0  0
      7.92     12.06      13.0   C   0  0  0  0  0
     11.61     12.24     14.25   C   0  0  0  0  0
      10.8    15.345      12.4   C   0  0  0  0  0
     15.21     15.39      13.8   C   0  0  0  0  0
     12.33      8.64      13.4   C   0  0  0  0  0
    15.795     11.43     14.45   C   0  0  0  0  0
    18.045     7.245     14.05   C   0  0  0  0  0
     19.89     10.53     14.45   C   0  0  0  0  0
    14.085     12.87      10.1   C   0  0  0  0  0
     16.47     9.585     10.05   C   0  0  0  0  0
    18.225     13.41       8.0   C   0  0  0  0  0
     20.16    11.655     11.05   C   0  0  0  0  0
    16.965      7.56      4.05   C   0  0  0  0  0
     18.72       9.9       4.7   C   0  0  0  0  0
     20.34    13.635      4.05   C   0  0  0  0  0
     22.14      6.84       4.4   C   0  0  0  0  0
    22.815     9.765      4.95   C   0  0  0  0  0
     24.57    12.285       7.5   C   0  0  0  0  0
    21.645     15.93      9.35   C   0  0  0  0  0
    22.995    13.635      13.4   C   0  0  0  0  0
    19.395     14.67     13.65   C   0  0  0  0  0
 1  9  1  0  0  0  0
M END
$$$$