586
  Marvin  12300703363D          

 18 17  0  0  0  0            999 V2000
   -2.8142    1.8442   -0.3911 O   0  0  0  0  0  0  0  0  0  0  0  0
   -0.8963    2.5553   -0.7313 O   0  0  0  0  0  0  0  0  0  0  0  0
    0.2398   -0.0335    0.1426 N   0  0  0  0  0  0  0  0  0  0  0  0
    1.9962   -1.3847   -0.5184 N   0  0  0  0  0  0  0  0  0  0  0  0
    0.0755   -2.2889   -0.1822 N   0  0  0  0  0  0  0  0  0  0  0  0
   -1.1115    0.2630   -0.2082 C   0  0  0  0  0  0  0  0  0  0  0  0
    0.9683    0.7941    1.0349 C   0  0  0  0  0  0  0  0  0  0  0  0
    0.7649   -1.2077   -0.1851 C   0  0  0  0  0  0  0  0  0  0  0  0
   -1.6105    1.6092   -0.4368 C   0  0  0  0  0  0  0  0  0  0  0  0
   -1.3896   -0.2429   -1.1403 H   0  0  0  0  0  0  0  0  0  0  0  0
   -1.7253   -0.1865    0.5787 H   0  0  0  0  0  0  0  0  0  0  0  0
    2.0419    0.8331    0.8318 H   0  0  0  0  0  0  0  0  0  0  0  0
    0.8373    0.4167    2.0514 H   0  0  0  0  0  0  0  0  0  0  0  0
    0.6604    1.8380    1.0572 H   0  0  0  0  0  0  0  0  0  0  0  0
    2.3346   -2.2497   -0.6352 H   0  0  0  0  0  0  0  0  0  0  0  0
    2.5620   -0.6518   -0.6471 H   0  0  0  0  0  0  0  0  0  0  0  0
    0.4588   -3.1114   -0.4089 H   0  0  0  0  0  0  0  0  0  0  0  0
   -3.3923    1.2036   -0.2120 H   0  0  0  0  0  0  0  0  0  0  0  0
  1  9  1  0  0  0  0
  1 18  1  0  0  0  0
  2  9  2  0  0  0  0
  3  6  1  0  0  0  0
  3  7  1  0  0  0  0
  3  8  1  0  0  0  0
  4  8  1  0  0  0  0
  4 15  1  0  0  0  0
  4 16  1  0  0  0  0
  5  8  2  0  0  0  0
  5 17  1  0  0  0  0
  6  9  1  0  0  0  0
  6 10  1  0  0  0  0
  6 11  1  0  0  0  0
  7 12  1  0  0  0  0
  7 13  1  0  0  0  0
  7 14  1  0  0  0  0
M  END

$$$$
