130619PHA4p2_069
kurekaoru/ZhaoLAB_HKBU/161117

 87  0  0  0  0  0  0  0  0  0  0 V2000
      11.7     20.34      20.8 ABalaaaa   0  0  0  0  0
     14.67     16.65      15.1 ABalaaap   0  0  0  0  0
     16.38      20.7      18.2 ABalaapa   0  0  0  0  0
     21.69     21.69      16.2 ABalaapp   0  0  0  0  0
     14.31     13.95      10.9 ABalapaa   0  0  0  0  0
     19.17     15.48       9.0 ABalapap   0  0  0  0  0
     19.98     18.63      13.9 ABalappa   0  0  0  0  0
     25.65     19.62      14.0 ABalappp   0  0  0  0  0
     11.16     21.15      13.2 ABalpaaa   0  0  0  0  0
     14.85     24.93      12.0 ABalpaap   0  0  0  0  0
     12.06     26.01      19.1 ABalpapa   0  0  0  0  0
     18.54     30.51      21.1 ABalpapp   0  0  0  0  0
     13.95     29.34      11.2 ABalppaa   0  0  0  0  0
     19.53     30.33      10.0 ABalppap   0  0  0  0  0
     20.34     28.08      17.1 ABalpppa   0  0  0  0  0
     27.36     31.23      18.2 ABalpppp   0  0  0  0  0
     13.86     16.38      24.1 ABaraaaa   0  0  0  0  0
     19.89     15.12      19.0 ABaraaap   0  0  0  0  0
     17.73      17.1      27.3 ABaraapa   0  0  0  0  0
     23.31     18.27      28.1 ABaraapp   0  0  0  0  0
     20.25      9.54      21.3 ABarapaa   0  0  0  0  0
     24.66      11.7      26.2 ABarapap   0  0  0  0  0
      28.8     10.08      24.3 ABarappa   0  0  0  0  0
     33.12     12.78      27.1 ABarappp   0  0  0  0  0
     18.45     10.44      14.0 ABarpaaa   0  0  0  0  0
     24.75     12.06       8.0 ABarpaap   0  0  0  0  0
     23.85     13.41      17.8 ABarpapa   0  0  0  0  0
     29.97     13.59      15.3 ABarpapp   0  0  0  0  0
     27.81      7.92       9.1 ABarppaa   0  0  0  0  0
     31.68     12.96       7.1 ABarppap   0  0  0  0  0
     33.93     12.33      14.9 ABarpppa   0  0  0  0  0
     39.06     16.74      13.1 ABarpppp   0  0  0  0  0
     15.75      18.9       7.0 ABplaaaa   0  0  0  0  0
     21.69     19.44       6.1 ABplaaap   0  0  0  0  0
     17.91     23.85       6.9 ABplaapa   0  0  0  0  0
     25.29     25.38       8.0 ABplaapp   0  0  0  0  0
     26.01     18.09       6.0 ABplapaa   0  0  0  0  0
     31.14     21.15       8.1 ABplapap   0  0  0  0  0
     29.61     27.45       7.0 ABplappa   0  0  0  0  0
     35.19     26.64      10.2 ABplappp   0  0  0  0  0
     22.41     33.12      14.0 ABplpaaa   0  0  0  0  0
     26.73     31.86      10.1 ABplpaap   0  0  0  0  0
      27.9     34.47      16.3 ABplpapa   0  0  0  0  0
     34.83     32.85      18.1 ABplpapp   0  0  0  0  0
     29.79      33.3       8.1 ABplppaa   0  0  0  0  0
     34.02     31.68       9.1 ABplppap   0  0  0  0  0
     37.44     34.02      11.2 ABplpppa   0  0  0  0  0
     41.76      32.4      15.9 ABplpppp   0  0  0  0  0
     25.92      7.47      18.1 ABpraaaa   0  0  0  0  0
     30.33      7.83      15.2 ABpraaap   0  0  0  0  0
     31.86      7.56      22.2 ABpraapa   0  0  0  0  0
      36.9     10.17      18.1 ABpraapp   0  0  0  0  0
     34.74      6.39      10.1 ABprapaa   0  0  0  0  0
     39.69     10.62       8.1 ABprapap   0  0  0  0  0
     44.01     10.26      13.1 ABprappa   0  0  0  0  0
     46.35     17.46      15.0 ABprappp   0  0  0  0  0
     37.53       8.1      26.0 ABprpaaa   0  0  0  0  0
     40.95      8.19      20.0 ABprpaap   0  0  0  0  0
     41.85     11.16      25.3 ABprpapa   0  0  0  0  0
     44.82     16.02      26.9 ABprpapp   0  0  0  0  0
     45.54      9.63      20.1 ABprppaa   0  0  0  0  0
     47.34     14.04      19.1 ABprppap   0  0  0  0  0
     49.32     16.65      24.9 ABprpppa   0  0  0  0  0
     48.51     22.14      26.2 ABprpppp   0  0  0  0  0
     17.64     24.21      25.2 MSaaa   0  0  0  0  0
     24.48     25.65      28.0 MSaap   0  0  0  0  0
     24.03     31.86      24.1 MSapa   0  0  0  0  0
     32.04     31.77      24.3 MSapp   0  0  0  0  0
     27.09     17.01      25.1 MSpaa   0  0  0  0  0
      32.4     21.96      27.2 MSpap   0  0  0  0  0
     37.98     14.31      25.3 MSppa   0  0  0  0  0
     40.77     20.61      27.3 MSppp   0  0  0  0  0
     28.89     24.21      20.1 Eal   0  0  0  0  0
     33.66     18.99      21.0 Ear   0  0  0  0  0
     37.44     25.02      15.2 Epl   0  0  0  0  0
      42.3     22.68      20.1 Epr   0  0  0  0  0
     35.73     18.45       6.0 Caaa   0  0  0  0  0
     42.84     23.58       7.0 Caap   0  0  0  0  0
     39.87     29.07       5.3 Capa   0  0  0  0  0
     46.62     29.61      11.2 Capp   0  0  0  0  0
     44.19     14.31       5.2 Cpaa   0  0  0  0  0
     48.33      22.5       9.1 Cpap   0  0  0  0  0
      50.4     20.43      18.0 Cppa   0  0  0  0  0
     49.14     28.08      17.1 Cppp   0  0  0  0  0
     43.29     30.15      21.1  Da   0  0  0  0  0
     45.81     27.45      25.1  Dp   0  0  0  0  0
     37.89     27.99      26.1  P4   0  0  0  0  0
 1  9  1  0  0  0  0
M END
$$$$