130619PHA4p2_022
kurekaoru/ZhaoLAB_HKBU/161117

 15  0  0  0  0  0  0  0  0  0  0 V2000
     12.87      20.7      18.3 ABala   0  0  0  0  0
     18.54     30.42      14.3 ABalp   0  0  0  0  0
     21.96     15.84      26.5 ABara   0  0  0  0  0
     28.44     10.62      14.0 ABarp   0  0  0  0  0
      23.4     20.52      10.2 ABpla   0  0  0  0  0
     31.77     30.15      11.0 ABplp   0  0  0  0  0
     37.35     10.08      26.1 ABpra   0  0  0  0  0
     43.83     20.25      27.4 ABprp   0  0  0  0  0
     25.65      27.9      25.6 MSa   0  0  0  0  0
     30.96     24.48      26.4 MSp   0  0  0  0  0
     38.97     31.14      21.1  Ea   0  0  0  0  0
     43.56     29.16      17.6  Ep   0  0  0  0  0
     39.06     18.54      13.0  Ca   0  0  0  0  0
     39.51     15.57      12.2  Cp   0  0  0  0  0
     49.59     22.23      14.5  P3   0  0  0  0  0
 1  9  1  0  0  0  0
M END
$$$$