130619PHA4p2_052
kurekaoru/ZhaoLAB_HKBU/161117

 46  0  0  0  0  0  0  0  0  0  0 V2000
     11.52     18.63      15.0 ABalaaa   0  0  0  0  0
     12.87      24.3      21.9 ABalaap   0  0  0  0  0
     15.48     15.12       9.9 ABalapa   0  0  0  0  0
     20.25     19.62      17.8 ABalapp   0  0  0  0  0
      14.4     24.66       9.6 ABalpaa   0  0  0  0  0
     18.09     30.87      16.1 ABalpap   0  0  0  0  0
     21.51     30.06       9.3 ABalppa   0  0  0  0  0
     27.45     33.93      17.9 ABalppp   0  0  0  0  0
     15.57     13.32      19.9 ABaraaa   0  0  0  0  0
     20.07     17.37      28.7 ABaraap   0  0  0  0  0
     21.69      9.81      21.2 ABarapa   0  0  0  0  0
     29.16     13.14      28.0 ABarapp   0  0  0  0  0
     21.42     10.35      10.1 ABarpaa   0  0  0  0  0
     27.36     13.32      18.8 ABarpap   0  0  0  0  0
     29.52     11.25       8.6 ABarppa   0  0  0  0  0
     36.09     11.43      13.2 ABarppp   0  0  0  0  0
     20.52     18.72       7.4 ABplaaa   0  0  0  0  0
     23.94     24.75      12.0 ABplaap   0  0  0  0  0
     26.19     17.55       8.2 ABplapa   0  0  0  0  0
     32.22     26.19       8.0 ABplapp   0  0  0  0  0
     28.53     32.58       9.4 ABplpaa   0  0  0  0  0
     35.82     33.21      19.0 ABplpap   0  0  0  0  0
     35.19     30.06       7.3 ABplppa   0  0  0  0  0
     41.85     32.94      15.9 ABplppp   0  0  0  0  0
     28.35      6.84      17.0 ABpraaa   0  0  0  0  0
     34.74     10.26      25.8 ABpraap   0  0  0  0  0
      37.8      6.66      14.7 ABprapa   0  0  0  0  0
     45.09     10.53      17.0 ABprapp   0  0  0  0  0
     41.04      9.09      26.8 ABprpaa   0  0  0  0  0
     43.74     16.02      27.9 ABprpap   0  0  0  0  0
     48.33     13.41      20.7 ABprppa   0  0  0  0  0
     47.97     20.79      26.9 ABprppp   0  0  0  0  0
     19.08     26.91      25.9 MSaa   0  0  0  0  0
     26.46     29.88      23.2 MSap   0  0  0  0  0
     26.28      20.7      25.8 MSpa   0  0  0  0  0
     35.37     18.27      27.2 MSpp   0  0  0  0  0
     29.34     27.63      16.9 Eal   0  0  0  0  0
     32.04     16.56      17.0 Ear   0  0  0  0  0
     38.61     27.27      14.1 Epl   0  0  0  0  0
     40.68     20.79      21.2 Epr   0  0  0  0  0
     36.45     18.63       9.6 Caa   0  0  0  0  0
     41.49     24.93       9.5 Cap   0  0  0  0  0
     45.81     14.85       9.2 Cpa   0  0  0  0  0
     49.86     22.95      16.0 Cpp   0  0  0  0  0
     45.18      27.9      24.2   D   0  0  0  0  0
     38.52     27.36      27.2  P4   0  0  0  0  0
 1  9  1  0  0  0  0
M END
$$$$