130619PHA4p2_060
kurekaoru/ZhaoLAB_HKBU/161117

 51  0  0  0  0  0  0  0  0  0  0 V2000
     12.42     19.17      13.1 ABalaaa   0  0  0  0  0
     14.04     22.32      20.8 ABalaap   0  0  0  0  0
     16.56     15.03      10.1 ABalapa   0  0  0  0  0
     21.24     18.27      17.0 ABalapp   0  0  0  0  0
     14.04     25.29      11.1 ABalpaa   0  0  0  0  0
     17.46     29.88      18.1 ABalpap   0  0  0  0  0
     18.72      29.7       9.2 ABalppa   0  0  0  0  0
     24.75     31.86      15.3 ABalppp   0  0  0  0  0
     15.66     14.22      20.0 ABaraaa   0  0  0  0  0
     18.54     17.37      26.2 ABaraap   0  0  0  0  0
     22.41      9.99      21.2 ABarapa   0  0  0  0  0
     28.98     12.06      27.2 ABarapp   0  0  0  0  0
     22.41     10.71      10.0 ABarpaa   0  0  0  0  0
     27.18      13.5      17.2 ABarpap   0  0  0  0  0
     30.78     10.53       8.8 ABarppa   0  0  0  0  0
     35.82     11.88      13.2 ABarppp   0  0  0  0  0
     20.34      18.0       6.5 ABplaaa   0  0  0  0  0
     23.49     24.57       9.0 ABplaap   0  0  0  0  0
     27.09      18.0       8.5 ABplapa   0  0  0  0  0
     30.78     26.19       8.0 ABplapp   0  0  0  0  0
     26.73     31.95       8.0 ABplpaa   0  0  0  0  0
     32.49     34.11      17.0 ABplpap   0  0  0  0  0
     33.03     31.77       7.8 ABplppa   0  0  0  0  0
     38.88     33.66      13.8 ABplppp   0  0  0  0  0
     29.25      6.93      17.1 ABpraaa   0  0  0  0  0
     34.83      8.91      22.2 ABpraap   0  0  0  0  0
     40.14      7.83      11.2 ABprapa   0  0  0  0  0
     44.82     12.42      17.1 ABprapp   0  0  0  0  0
      40.5      8.19      23.9 ABprpaa   0  0  0  0  0
     43.11     14.85      27.0 ABprpap   0  0  0  0  0
     48.33     14.13      22.8 ABprppa   0  0  0  0  0
     48.06     19.89      25.0 ABprppp   0  0  0  0  0
     15.66     25.38      25.9 MSaaa   0  0  0  0  0
     24.03     24.93      28.6 MSaap   0  0  0  0  0
     22.23     30.87      24.8 MSapa   0  0  0  0  0
     30.42     30.33      27.7 MSapp   0  0  0  0  0
     24.03     17.64      26.8 MSpaa   0  0  0  0  0
     31.86     22.05      28.1 MSpap   0  0  0  0  0
     34.92     14.13      28.8 MSppa   0  0  0  0  0
     39.33     21.15      28.8 MSppp   0  0  0  0  0
      28.8     26.82      19.3 Eal   0  0  0  0  0
     32.04     19.98      19.2 Ear   0  0  0  0  0
     37.35     27.81      14.3 Epl   0  0  0  0  0
     40.14     23.04      21.1 Epr   0  0  0  0  0
     34.47     18.27       9.9 Caa   0  0  0  0  0
     40.86     26.82       8.4 Cap   0  0  0  0  0
     43.92     17.01       9.3 Cpa   0  0  0  0  0
     48.15     24.21      14.3 Cpp   0  0  0  0  0
     45.09     32.04      17.2  Da   0  0  0  0  0
     47.88     27.09      25.9  Dp   0  0  0  0  0
     40.77      28.8      27.1  P4   0  0  0  0  0
 1  9  1  0  0  0  0
M END
$$$$