130619PHA4p2_049
kurekaoru/ZhaoLAB_HKBU/161117

 45  0  0  0  0  0  0  0  0  0  0 V2000
     11.52     20.79      17.0 ABalaaa   0  0  0  0  0
     13.68     25.11      23.8 ABalaap   0  0  0  0  0
     15.39     15.84      11.0 ABalapa   0  0  0  0  0
     19.17     20.88      17.9 ABalapp   0  0  0  0  0
      14.4     26.01      10.1 ABalpaa   0  0  0  0  0
     18.18     31.59      17.2 ABalpap   0  0  0  0  0
     21.69     30.42       9.6 ABalppa   0  0  0  0  0
     26.82     34.47      16.0 ABalppp   0  0  0  0  0
     14.85     15.57      21.2 ABaraaa   0  0  0  0  0
     21.51     18.36      27.1 ABaraap   0  0  0  0  0
     20.61     10.98      22.1 ABarapa   0  0  0  0  0
     28.26     13.59      27.1 ABarapp   0  0  0  0  0
     21.87     11.16      11.3 ABarpaa   0  0  0  0  0
     26.55     14.22      17.1 ABarpap   0  0  0  0  0
     29.25     11.34       8.9 ABarppa   0  0  0  0  0
     33.75     13.05      15.8 ABarppp   0  0  0  0  0
     20.61     18.99       7.8 ABplaaa   0  0  0  0  0
     24.39     24.21      12.1 ABplaap   0  0  0  0  0
     26.82     18.27       8.0 ABplapa   0  0  0  0  0
     32.31     24.93       8.0 ABplapp   0  0  0  0  0
     29.25     32.94       9.8 ABplpaa   0  0  0  0  0
     35.64     32.76      17.0 ABplpap   0  0  0  0  0
      36.0     29.34       7.1 ABplppa   0  0  0  0  0
     41.94     32.49      14.0 ABplppp   0  0  0  0  0
     28.17      7.74      17.1 ABpraaa   0  0  0  0  0
     34.11     11.61      25.1 ABpraap   0  0  0  0  0
     36.81      7.11      13.8 ABprapa   0  0  0  0  0
     44.64     10.62      15.8 ABprapp   0  0  0  0  0
     40.86      9.18      25.1 ABprpaa   0  0  0  0  0
     42.84     15.75      26.1 ABprpap   0  0  0  0  0
     47.97     13.32      21.9 ABprppa   0  0  0  0  0
     47.25     20.43      26.9 ABprppp   0  0  0  0  0
     19.44     27.81      25.1 MSaa   0  0  0  0  0
      27.9     31.68      25.0 MSap   0  0  0  0  0
     25.92     21.96      26.0 MSpa   0  0  0  0  0
     36.54      18.9      28.2 MSpp   0  0  0  0  0
     31.05     25.92      18.2 Eal   0  0  0  0  0
      31.5     20.07      18.3 Ear   0  0  0  0  0
     39.87     23.49      18.3  Ep   0  0  0  0  0
     36.81     18.54       9.9 Caa   0  0  0  0  0
     41.76     24.21      10.0 Cap   0  0  0  0  0
     45.99     14.85       9.4 Cpa   0  0  0  0  0
     50.58     22.23      15.1 Cpp   0  0  0  0  0
     46.62     29.16      22.2   D   0  0  0  0  0
     40.05     30.42      26.3  P4   0  0  0  0  0
 1  9  1  0  0  0  0
M END
$$$$