130619PHA4p2_034
kurekaoru/ZhaoLAB_HKBU/161117

 25  0  0  0  0  0  0  0  0  0  0 V2000
     13.95     21.24      25.0 ABalaa   0  0  0  0  0
     14.85     15.57      13.2 ABalap   0  0  0  0  0
     14.13     27.81      17.1 ABalpa   0  0  0  0  0
     21.78     29.79       9.2 ABalpp   0  0  0  0  0
     19.53     16.02      26.2 ABaraa   0  0  0  0  0
     27.09     10.98      25.1 ABarap   0  0  0  0  0
     23.85      9.54      13.1 ABarpa   0  0  0  0  0
     35.28      9.63      10.1 ABarpp   0  0  0  0  0
     20.25     19.35       8.3 ABplaa   0  0  0  0  0
     29.61     20.43       8.0 ABplap   0  0  0  0  0
     28.17     32.31      11.0 ABplpa   0  0  0  0  0
      36.9     30.69      10.0 ABplpp   0  0  0  0  0
     33.84       8.1      24.1 ABpraa   0  0  0  0  0
      42.3      9.63      18.1 ABprap   0  0  0  0  0
     39.42      16.2      28.1 ABprpa   0  0  0  0  0
     48.06     19.08      24.3 ABprpp   0  0  0  0  0
     22.05     27.54      23.0 MSaa   0  0  0  0  0
     30.06     25.92      26.0 MSap   0  0  0  0  0
     30.33     19.89      25.9 MSp   0  0  0  0  0
      34.2     29.79      22.2  Ea   0  0  0  0  0
     42.21     27.09      18.1  Ep   0  0  0  0  0
     36.36     20.16      11.0  Ca   0  0  0  0  0
     46.26     16.29      12.1  Cp   0  0  0  0  0
      49.5     25.11      14.2   D   0  0  0  0  0
     46.53     29.61      24.1  P4   0  0  0  0  0
 1  9  1  0  0  0  0
M END
$$$$