130619PHA4p2_019
kurekaoru/ZhaoLAB_HKBU/161117

 12  0  0  0  0  0  0  0  0  0  0 V2000
     13.68     20.88      20.1 ABala   0  0  0  0  0
     18.36     26.46      22.2 ABalp   0  0  0  0  0
     25.38      13.5      23.3 ABara   0  0  0  0  0
      29.7      11.7      15.4 ABarp   0  0  0  0  0
     24.84     23.49      10.9 ABpla   0  0  0  0  0
     29.07      27.9      12.3 ABplp   0  0  0  0  0
     39.24     12.51      26.3 ABpra   0  0  0  0  0
     41.31     19.44      25.6 ABprp   0  0  0  0  0
     30.06     25.92      25.3  MS   0  0  0  0  0
     40.32     31.41      20.1   E   0  0  0  0  0
     42.75     19.44      11.2   C   0  0  0  0  0
      48.6     27.72      15.4  P3   0  0  0  0  0
 1  9  1  0  0  0  0
M END
$$$$