130619PHA4p2_017
kurekaoru/ZhaoLAB_HKBU/161117

 11  0  0  0  0  0  0  0  0  0  0 V2000
     14.67     20.52      16.4 ABala   0  0  0  0  0
     15.75     21.69      22.2 ABalp   0  0  0  0  0
     26.91      13.5      17.7 ABara   0  0  0  0  0
     28.89     13.77      12.3 ABarp   0  0  0  0  0
     26.82     27.81      12.7 ABpla   0  0  0  0  0
     28.35     29.97      17.0 ABplp   0  0  0  0  0
     40.05     12.96      23.1 ABpr   0  0  0  0  0
      27.0     20.88      27.3  MS   0  0  0  0  0
     40.05     28.62      24.0   E   0  0  0  0  0
     43.38     23.49      11.3   C   0  0  0  0  0
     47.61      27.9      22.1  P3   0  0  0  0  0
 1  9  1  0  0  0  0
M END
$$$$