130619PHA4p2_045
kurekaoru/ZhaoLAB_HKBU/161117

 29  0  0  0  0  0  0  0  0  0  0 V2000
     13.23     20.43      21.3 ABalaa   0  0  0  0  0
      16.2     17.19      10.9 ABalap   0  0  0  0  0
     13.59     25.83      13.0 ABalpaa   0  0  0  0  0
     16.11     27.99      16.2 ABalpap   0  0  0  0  0
     22.86     29.07      11.0 ABalpp   0  0  0  0  0
     18.72     15.03      22.3 ABaraa   0  0  0  0  0
     26.82      11.7      23.0 ABarap   0  0  0  0  0
     24.48      11.7      11.2 ABarpa   0  0  0  0  0
     33.66     11.61       9.8 ABarpp   0  0  0  0  0
     21.87     21.42       8.8 ABplaa   0  0  0  0  0
     30.06     21.96       9.0 ABplap   0  0  0  0  0
      30.6     31.86      13.0 ABplpa   0  0  0  0  0
     37.26     29.43       9.8 ABplpp   0  0  0  0  0
     33.75       8.1      19.1 ABpraa   0  0  0  0  0
     42.93      9.27      14.2 ABprap   0  0  0  0  0
     40.77     12.87      26.1 ABprpa   0  0  0  0  0
     47.61     17.28      24.9 ABprpp   0  0  0  0  0
     19.44     27.09      26.3 MSaa   0  0  0  0  0
     26.82     31.68      24.9 MSap   0  0  0  0  0
     25.56     20.79      25.1 MSpa   0  0  0  0  0
     34.92     17.28      29.0 MSpp   0  0  0  0  0
      31.5     23.13      20.2  Ea   0  0  0  0  0
     41.94     24.84      19.2  Ep   0  0  0  0  0
     35.73     18.27      10.0 Caa   0  0  0  0  0
     42.12     23.31      10.5 Cap   0  0  0  0  0
     46.17     14.94       9.8 Cpa   0  0  0  0  0
     50.22     25.11      16.0 Cpp   0  0  0  0  0
     45.99     30.87      21.1   D   0  0  0  0  0
     39.78     31.77      25.9  P4   0  0  0  0  0
 1  9  1  0  0  0  0
M END
$$$$