130619PHA4p2_075
kurekaoru/ZhaoLAB_HKBU/161117

 94  0  0  0  0  0  0  0  0  0  0 V2000
     12.06     19.08      20.0 ABalaaaa   0  0  0  0  0
     14.67      17.1      15.1 ABalaaap   0  0  0  0  0
     17.37     20.25      16.9 ABalaapa   0  0  0  0  0
     22.77     20.43      18.1 ABalaapp   0  0  0  0  0
     14.67     13.86      10.9 ABalapaa   0  0  0  0  0
     19.35     14.04       7.9 ABalapap   0  0  0  0  0
     20.07     18.09      12.9 ABalappa   0  0  0  0  0
     26.19     19.26      12.2 ABalappp   0  0  0  0  0
     11.34     22.68      16.1 ABalpaaa   0  0  0  0  0
     13.95     24.66      12.2 ABalpaap   0  0  0  0  0
      13.5      27.9      18.2 ABalpapa   0  0  0  0  0
     19.17     29.97      20.1 ABalpapp   0  0  0  0  0
     14.67     28.44      10.1 ABalppaa   0  0  0  0  0
     19.17     30.06       9.1 ABalppap   0  0  0  0  0
      20.7     25.83      16.0 ABalpppa   0  0  0  0  0
     26.37     28.62      14.2 ABalpppp   0  0  0  0  0
     14.31     16.38      24.1 ABaraaaa   0  0  0  0  0
     18.18     15.57      20.3 ABaraaap   0  0  0  0  0
     17.91     18.27      28.1 ABaraapa   0  0  0  0  0
     24.57     18.72      28.1 ABaraapp   0  0  0  0  0
     20.07     10.62      22.1 ABarapaa   0  0  0  0  0
     25.47     12.42      27.1 ABarapap   0  0  0  0  0
      28.8     10.08      24.2 ABarappa   0  0  0  0  0
     33.39     12.24      26.1 ABarappp   0  0  0  0  0
     18.45     11.34      14.1 ABarpaaa   0  0  0  0  0
     23.85     11.79       7.2 ABarpaap   0  0  0  0  0
     24.12     12.15      14.1 ABarpapa   0  0  0  0  0
     30.24     12.15      14.1 ABarpapp   0  0  0  0  0
     27.99      7.92       8.1 ABarppaa   0  0  0  0  0
     31.68     13.77       7.0 ABarppap   0  0  0  0  0
      34.2     11.52      12.2 ABarpppa   0  0  0  0  0
     40.59     16.29      13.1 ABarpppp   0  0  0  0  0
     14.76     19.62       6.3 ABplaaaa   0  0  0  0  0
     21.87     18.99       6.0 ABplaaap   0  0  0  0  0
     18.27     24.12       6.1 ABplaapa   0  0  0  0  0
     25.38     25.92       6.2 ABplaapp   0  0  0  0  0
     25.83     17.19       5.0 ABplapaa   0  0  0  0  0
     31.05     22.14       6.1 ABplapap   0  0  0  0  0
     30.15     27.63       7.0 ABplappa   0  0  0  0  0
     36.18      27.9       8.1 ABplappp   0  0  0  0  0
     21.69     32.49      14.9 ABplpaaa   0  0  0  0  0
     25.56      31.5       7.9 ABplpaap   0  0  0  0  0
     26.19     34.11      16.1 ABplpapa   0  0  0  0  0
     32.31     33.66      15.2 ABplpapp   0  0  0  0  0
      28.8     33.48       8.8 ABplppaa   0  0  0  0  0
     35.19      32.4       7.0 ABplppap   0  0  0  0  0
     37.44     33.93      11.1 ABplpppa   0  0  0  0  0
     38.97     33.75      18.3 ABplpppp   0  0  0  0  0
     23.94      7.65      17.9 ABpraaaa   0  0  0  0  0
     30.15      7.02      15.1 ABpraaap   0  0  0  0  0
     31.86      6.84      21.1 ABpraapa   0  0  0  0  0
     37.08      8.01      15.3 ABpraapp   0  0  0  0  0
     33.93      7.38       8.2 ABprapaa   0  0  0  0  0
     40.14      9.99       8.1 ABprapap   0  0  0  0  0
     43.92     10.71      14.1 ABprappa   0  0  0  0  0
     46.44     16.65      15.9 ABprappp   0  0  0  0  0
     36.63      8.64      27.0 ABprpaaa   0  0  0  0  0
     41.58      7.29      17.0 ABprpaap   0  0  0  0  0
     41.76      9.18      24.3 ABprpapa   0  0  0  0  0
     45.72     13.59      26.2 ABprpapp   0  0  0  0  0
     45.09      8.91      20.2 ABprppaa   0  0  0  0  0
      48.6     13.59      18.2 ABprppap   0  0  0  0  0
     49.95     16.47      21.1 ABprpppa   0  0  0  0  0
     48.24     20.88      27.0 ABprpppp   0  0  0  0  0
     14.49     23.31      22.3 MSaaaa   0  0  0  0  0
     19.71      25.2      26.1 MSaaap   0  0  0  0  0
     24.12     25.02      26.1 MSaapa   0  0  0  0  0
     29.97     24.57      27.1 MSaapp   0  0  0  0  0
     26.37     29.52      22.1 MSapaa   0  0  0  0  0
     28.35     31.86      24.0 MSapap   0  0  0  0  0
     32.76     29.97      21.9 MSapp   0  0  0  0  0
     23.31     15.48      21.9 MSpaaa   0  0  0  0  0
     28.89      17.1      23.8 MSpaap   0  0  0  0  0
     31.59     18.54      27.9 MSpapa   0  0  0  0  0
     36.63      22.5      27.2 MSpapp   0  0  0  0  0
      36.9     14.22      25.1 MSppaa   0  0  0  0  0
     39.06      16.2      24.3 MSppap   0  0  0  0  0
     42.39     19.44      26.1 MSppp   0  0  0  0  0
     28.98     22.14      18.1 Eal   0  0  0  0  0
     34.29     17.01      18.1 Ear   0  0  0  0  0
     37.35     24.48      14.0 Epl   0  0  0  0  0
     43.56     23.49      18.0 Epr   0  0  0  0  0
      36.9     18.09       5.5 Caaa   0  0  0  0  0
     43.74     23.22       5.0 Caap   0  0  0  0  0
     40.59      29.7       6.1 Capa   0  0  0  0  0
     45.63     30.69      11.3 Capp   0  0  0  0  0
     44.91     14.22       7.1 Cpaa   0  0  0  0  0
     48.96     22.59       8.2 Cpap   0  0  0  0  0
     50.13      20.7      17.2 Cppa   0  0  0  0  0
     48.51     28.26      16.1 Cppp   0  0  0  0  0
     40.68     30.78      22.1  Da   0  0  0  0  0
     46.62     27.54      24.2  Dp   0  0  0  0  0
     42.48     24.93      28.0  Z2   0  0  0  0  0
     34.02     27.09      26.3  Z3   0  0  0  0  0
 1  9  1  0  0  0  0
M END
$$$$