130619PHA4p2_055
kurekaoru/ZhaoLAB_HKBU/161117

 51  0  0  0  0  0  0  0  0  0  0 V2000
     11.97     18.63      14.0 ABalaaa   0  0  0  0  0
     12.06     23.76      19.2 ABalaap   0  0  0  0  0
     16.11     15.93       9.1 ABalapa   0  0  0  0  0
     19.53     20.52      17.1 ABalapp   0  0  0  0  0
     14.67     25.02       8.9 ABalpaa   0  0  0  0  0
     19.08     30.33      17.1 ABalpap   0  0  0  0  0
     20.52     29.79       9.0 ABalppa   0  0  0  0  0
     27.63     33.39      16.3 ABalppp   0  0  0  0  0
     15.21     13.68      19.2 ABaraaa   0  0  0  0  0
     18.27     18.36      27.2 ABaraap   0  0  0  0  0
     21.87      9.36      21.3 ABarapa   0  0  0  0  0
     28.17     13.14      28.0 ABarapp   0  0  0  0  0
     21.51     10.71       9.1 ABarpaa   0  0  0  0  0
     27.45     13.95      18.1 ABarpap   0  0  0  0  0
     29.79     11.25       8.4 ABarppa   0  0  0  0  0
     35.55     11.52      13.9 ABarppp   0  0  0  0  0
     20.43     18.45       7.1 ABplaaa   0  0  0  0  0
     23.76     25.11      11.2 ABplaap   0  0  0  0  0
     26.55     17.73       8.8 ABplapa   0  0  0  0  0
     31.59     26.46       8.0 ABplapp   0  0  0  0  0
     27.72     32.13       8.9 ABplpaa   0  0  0  0  0
      35.1     33.03      17.1 ABplpap   0  0  0  0  0
     34.38     30.69       7.5 ABplppa   0  0  0  0  0
     40.86     32.94      14.1 ABplppp   0  0  0  0  0
     28.44      6.93      16.2 ABpraaa   0  0  0  0  0
      33.3      8.82      24.0 ABpraap   0  0  0  0  0
     37.35      6.84      12.1 ABprapa   0  0  0  0  0
     44.19       9.9      16.1 ABprapp   0  0  0  0  0
     40.32      7.65      24.2 ABprpaa   0  0  0  0  0
     42.75     14.76      26.9 ABprpap   0  0  0  0  0
      47.7     12.24      20.3 ABprppa   0  0  0  0  0
     48.15     18.18      25.3 ABprppp   0  0  0  0  0
     16.65     25.38      23.9 MSaaa   0  0  0  0  0
     23.13     24.57      26.8 MSaap   0  0  0  0  0
     24.57     29.97      23.1 MSapa   0  0  0  0  0
     29.07     29.34      25.1 MSapp   0  0  0  0  0
     24.03     19.08      25.1 MSpaa   0  0  0  0  0
     30.42     22.32      27.8 MSpap   0  0  0  0  0
     34.47     14.58      27.3 MSppa   0  0  0  0  0
     37.35     20.07      27.4 MSppp   0  0  0  0  0
     30.51     26.46      17.1 Eal   0  0  0  0  0
     32.67     18.72      17.1 Ear   0  0  0  0  0
     38.25     27.81      12.1 Epl   0  0  0  0  0
     41.49     19.44      21.3 Epr   0  0  0  0  0
     36.18     19.17       9.3 Caa   0  0  0  0  0
     41.31     25.65       9.1 Cap   0  0  0  0  0
     45.72     14.76       9.0 Cpa   0  0  0  0  0
     48.24     22.41      15.0 Cpp   0  0  0  0  0
     46.71     30.42      19.1  Da   0  0  0  0  0
     47.79     25.83      27.1  Dp   0  0  0  0  0
     41.67     27.54      25.2  P4   0  0  0  0  0
 1  9  1  0  0  0  0
M END
$$$$