130619PHA4p2_039
kurekaoru/ZhaoLAB_HKBU/161117

 26  0  0  0  0  0  0  0  0  0  0 V2000
     12.96     21.42      21.8 ABalaa   0  0  0  0  0
     15.57     16.74      13.2 ABalap   0  0  0  0  0
     15.48     28.44      15.0 ABalpa   0  0  0  0  0
     22.32     30.51      10.2 ABalpp   0  0  0  0  0
     19.35     16.74      26.0 ABaraa   0  0  0  0  0
     25.29     11.52      22.7 ABarap   0  0  0  0  0
     23.49     10.44      12.2 ABarpa   0  0  0  0  0
     34.47      10.8       9.1 ABarpp   0  0  0  0  0
     20.43     20.34       8.1 ABplaa   0  0  0  0  0
     27.81     21.42       8.9 ABplap   0  0  0  0  0
     29.34     33.48      13.2 ABplpa   0  0  0  0  0
     36.63      31.5      10.0 ABplpp   0  0  0  0  0
     33.39      8.73      21.2 ABpraa   0  0  0  0  0
     41.49      8.91      17.2 ABprap   0  0  0  0  0
      41.4     14.67      27.2 ABprpa   0  0  0  0  0
     48.06     19.98      24.3 ABprpp   0  0  0  0  0
      18.9     28.17      27.0 MSaa   0  0  0  0  0
     26.91      30.6      25.1 MSap   0  0  0  0  0
     25.83     20.88      24.9 MSpa   0  0  0  0  0
     35.46     18.81      28.0 MSpp   0  0  0  0  0
      33.3     27.63      22.3  Ea   0  0  0  0  0
     40.95      27.0      20.1  Ep   0  0  0  0  0
     35.19     20.52      12.1  Ca   0  0  0  0  0
     45.18     17.82      13.2  Cp   0  0  0  0  0
     48.51     27.09      15.2   D   0  0  0  0  0
     45.18     31.68      22.1  P4   0  0  0  0  0
 1  9  1  0  0  0  0
M END
$$$$