130619PHA4p2_051
kurekaoru/ZhaoLAB_HKBU/161117

 46  0  0  0  0  0  0  0  0  0  0 V2000
     11.16     20.52      16.0 ABalaaa   0  0  0  0  0
     13.41     25.47      23.0 ABalaap   0  0  0  0  0
     15.12     14.85      10.1 ABalapa   0  0  0  0  0
      19.8     20.61      17.1 ABalapp   0  0  0  0  0
     14.31     24.57       9.8 ABalpaa   0  0  0  0  0
     18.81     31.86      17.7 ABalpap   0  0  0  0  0
     21.51     30.24       9.4 ABalppa   0  0  0  0  0
     27.18     34.56      17.1 ABalppp   0  0  0  0  0
     15.03     14.58      20.0 ABaraaa   0  0  0  0  0
     20.16     18.18      28.0 ABaraap   0  0  0  0  0
     21.69     10.17      21.2 ABarapa   0  0  0  0  0
     28.53     13.77      28.2 ABarapp   0  0  0  0  0
     21.87     10.53      10.3 ABarpaa   0  0  0  0  0
     27.27     13.77      17.2 ABarpap   0  0  0  0  0
     29.43     11.34       8.7 ABarppa   0  0  0  0  0
     35.28      11.7      14.2 ABarppp   0  0  0  0  0
     20.52     18.81       7.6 ABplaaa   0  0  0  0  0
     24.48     25.29      11.2 ABplaap   0  0  0  0  0
      26.1     17.55       8.0 ABplapa   0  0  0  0  0
     32.31     25.74       8.0 ABplapp   0  0  0  0  0
      28.8     32.67       9.5 ABplpaa   0  0  0  0  0
     35.91      33.3      19.0 ABplpap   0  0  0  0  0
     35.46     29.79       7.3 ABplppa   0  0  0  0  0
      42.3     32.67      15.8 ABplppp   0  0  0  0  0
     28.44      7.56      17.3 ABpraaa   0  0  0  0  0
     34.38     10.62      25.2 ABpraap   0  0  0  0  0
     37.44      6.75      15.0 ABprapa   0  0  0  0  0
     45.45     11.34      15.2 ABprapp   0  0  0  0  0
     41.22       9.0      26.0 ABprpaa   0  0  0  0  0
     43.65     16.47      27.1 ABprpap   0  0  0  0  0
     48.24      13.5      20.8 ABprppa   0  0  0  0  0
     47.79     21.06      27.1 ABprppp   0  0  0  0  0
     19.44     27.27      25.1 MSaa   0  0  0  0  0
     26.82     30.87      24.1 MSap   0  0  0  0  0
     26.37     21.24      25.1 MSpa   0  0  0  0  0
     35.28     18.63      28.0 MSpp   0  0  0  0  0
     29.43     26.82      17.8 Eal   0  0  0  0  0
     31.95     18.09      17.0 Ear   0  0  0  0  0
     38.61     26.91      15.0 Epl   0  0  0  0  0
     39.96      21.6      21.1 Epr   0  0  0  0  0
     36.54     18.45       9.8 Caa   0  0  0  0  0
     41.58     24.66       9.7 Cap   0  0  0  0  0
      45.9     14.85       9.3 Cpa   0  0  0  0  0
     49.68     23.31      15.2 Cpp   0  0  0  0  0
      45.9     28.26      23.2   D   0  0  0  0  0
     39.15     28.98      27.0  P4   0  0  0  0  0
 1  9  1  0  0  0  0
M END
$$$$