130619PHA4p2_073
kurekaoru/ZhaoLAB_HKBU/161117

 90  0  0  0  0  0  0  0  0  0  0 V2000
     12.15     21.69      22.0 ABalaaaa   0  0  0  0  0
     14.49     16.92      15.1 ABalaaap   0  0  0  0  0
     16.65     19.53      17.9 ABalaapa   0  0  0  0  0
     22.68      19.8      17.0 ABalaapp   0  0  0  0  0
     14.04     13.68      11.9 ABalapaa   0  0  0  0  0
     19.35     13.41       7.1 ABalapap   0  0  0  0  0
     19.62     17.19      12.2 ABalappa   0  0  0  0  0
     25.92     18.45      12.0 ABalappp   0  0  0  0  0
     11.34      22.5      16.0 ABalpaaa   0  0  0  0  0
     14.76     24.21      12.2 ABalpaap   0  0  0  0  0
     13.23      27.0      19.0 ABalpapa   0  0  0  0  0
     19.89     30.15      19.9 ABalpapp   0  0  0  0  0
     14.67     29.34      12.9 ABalppaa   0  0  0  0  0
     19.26     29.79       9.0 ABalppap   0  0  0  0  0
      21.6     25.92      15.0 ABalpppa   0  0  0  0  0
     27.45     29.07      14.1 ABalpppp   0  0  0  0  0
     13.59     16.83      23.9 ABaraaaa   0  0  0  0  0
     19.44     14.85      20.0 ABaraaap   0  0  0  0  0
     17.01     17.73      28.8 ABaraapa   0  0  0  0  0
      22.5     18.63      28.4 ABaraapp   0  0  0  0  0
     20.07     10.08      21.1 ABarapaa   0  0  0  0  0
     25.56     10.89      27.1 ABarapap   0  0  0  0  0
     29.07      9.54      24.2 ABarappa   0  0  0  0  0
      33.3     12.51      26.2 ABarappp   0  0  0  0  0
     18.63     10.62      14.1 ABarpaaa   0  0  0  0  0
     24.12     11.52       7.2 ABarpaap   0  0  0  0  0
     23.58     12.51      15.9 ABarpapa   0  0  0  0  0
     29.88     11.88      14.2 ABarpapp   0  0  0  0  0
     28.44      7.02       8.3 ABarppaa   0  0  0  0  0
     32.22     12.78       6.0 ABarppap   0  0  0  0  0
     33.93     10.62      13.2 ABarpppa   0  0  0  0  0
     40.59     15.84      13.1 ABarpppp   0  0  0  0  0
     14.31     18.63       7.9 ABplaaaa   0  0  0  0  0
     21.78     18.72       6.0 ABplaaap   0  0  0  0  0
     17.82     23.13       6.1 ABplaapa   0  0  0  0  0
     25.11      25.2       7.0 ABplaapp   0  0  0  0  0
     26.19     16.56       5.0 ABplapaa   0  0  0  0  0
     30.69     21.24       7.0 ABplapap   0  0  0  0  0
     30.06     26.82       6.0 ABplappa   0  0  0  0  0
     36.45     26.73       7.1 ABplappp   0  0  0  0  0
     21.78     32.76      14.1 ABplpaaa   0  0  0  0  0
     25.65     30.78       6.2 ABplpaap   0  0  0  0  0
     26.82     33.48      15.4 ABplpapa   0  0  0  0  0
     32.85     33.48      14.3 ABplpapp   0  0  0  0  0
     29.25     33.21       8.1 ABplppaa   0  0  0  0  0
     36.09     31.68       6.3 ABplppap   0  0  0  0  0
     37.62     33.66      12.0 ABplpppa   0  0  0  0  0
     39.33      33.3      19.2 ABplpppp   0  0  0  0  0
     23.85      7.29      17.1 ABpraaaa   0  0  0  0  0
     30.96      6.66      15.1 ABpraaap   0  0  0  0  0
     31.86      6.75      22.1 ABpraapa   0  0  0  0  0
     37.35      8.01      16.0 ABpraapp   0  0  0  0  0
     34.65      6.48       9.0 ABprapaa   0  0  0  0  0
     40.68      9.72       8.0 ABprapap   0  0  0  0  0
     43.74     10.89      14.2 ABprappa   0  0  0  0  0
     46.17     16.83      16.9 ABprappp   0  0  0  0  0
     36.36      8.55      27.1 ABprpaaa   0  0  0  0  0
     42.39      7.56      17.0 ABprpaap   0  0  0  0  0
      41.4      8.91      24.3 ABprpapa   0  0  0  0  0
     45.36     14.22      27.0 ABprpapp   0  0  0  0  0
     45.54      8.91      21.0 ABprppaa   0  0  0  0  0
     49.05     14.31      18.3 ABprppap   0  0  0  0  0
     50.31     16.56      23.0 ABprpppa   0  0  0  0  0
     47.97     21.15      27.2 ABprpppp   0  0  0  0  0
     18.45      24.3      24.2 MSaaa   0  0  0  0  0
     26.82     24.21      26.2 MSaap   0  0  0  0  0
     25.74     30.96      23.1 MSapa   0  0  0  0  0
      32.4     30.87      23.1 MSapp   0  0  0  0  0
     24.57     15.66      23.0 MSpaaa   0  0  0  0  0
     28.35     17.19      24.1 MSpaap   0  0  0  0  0
     32.04     19.89      26.0 MSpapa   0  0  0  0  0
     34.56     20.97      26.2 MSpapp   0  0  0  0  0
     38.25     14.94      26.1 MSppa   0  0  0  0  0
     41.85     19.98      27.0 MSppp   0  0  0  0  0
     29.43      22.5      18.0 Eal   0  0  0  0  0
     34.02     16.92      18.1 Ear   0  0  0  0  0
     37.62     24.39      13.1 Epl   0  0  0  0  0
     43.38     23.13      18.1 Epr   0  0  0  0  0
     36.45     17.46       5.2 Caaa   0  0  0  0  0
      44.1     23.04       6.1 Caap   0  0  0  0  0
     40.95     29.43       5.1 Capa   0  0  0  0  0
     46.26     30.24      12.0 Capp   0  0  0  0  0
      45.0     14.67       7.1 Cpaa   0  0  0  0  0
     48.96     22.23       9.1 Cpap   0  0  0  0  0
     50.58     20.34      17.3 Cppa   0  0  0  0  0
     48.96     27.99      17.0 Cppp   0  0  0  0  0
     41.13     29.97      21.1  Da   0  0  0  0  0
     45.63     27.36      25.1  Dp   0  0  0  0  0
     39.51     25.02      27.1  Z2   0  0  0  0  0
     34.38     26.55      26.8  Z3   0  0  0  0  0
 1  9  1  0  0  0  0
M END
$$$$