130619PHA4p2_070
kurekaoru/ZhaoLAB_HKBU/161117

 87  0  0  0  0  0  0  0  0  0  0 V2000
     11.79     21.24      21.0 ABalaaaa   0  0  0  0  0
      14.4     17.01      14.2 ABalaaap   0  0  0  0  0
     16.29     20.52      18.0 ABalaapa   0  0  0  0  0
     22.41     21.33      16.1 ABalaapp   0  0  0  0  0
     14.67     13.32      10.1 ABalapaa   0  0  0  0  0
     19.98     15.03       8.9 ABalapap   0  0  0  0  0
     19.62     18.27      13.3 ABalappa   0  0  0  0  0
     26.64     18.99      13.1 ABalappp   0  0  0  0  0
     11.25     21.78      14.1 ABalpaaa   0  0  0  0  0
     14.76     24.39      11.1 ABalpaap   0  0  0  0  0
     12.78     26.55      18.2 ABalpapa   0  0  0  0  0
     19.35      30.6      20.2 ABalpapp   0  0  0  0  0
     13.95     28.89      11.1 ABalppaa   0  0  0  0  0
     19.89     30.42       9.0 ABalppap   0  0  0  0  0
     21.42     27.54      16.1 ABalpppa   0  0  0  0  0
     27.63     30.42      16.2 ABalpppp   0  0  0  0  0
     13.41     17.01      23.2 ABaraaaa   0  0  0  0  0
     19.98     15.12      19.1 ABaraaap   0  0  0  0  0
     17.46     17.91      28.0 ABaraapa   0  0  0  0  0
     22.95      18.0      28.1 ABaraapp   0  0  0  0  0
     19.89      9.63      20.2 ABarapaa   0  0  0  0  0
     24.48     11.25      26.1 ABarapap   0  0  0  0  0
     28.53      9.81      25.2 ABarappa   0  0  0  0  0
     33.21     12.87      26.3 ABarappp   0  0  0  0  0
     18.45     10.62      14.1 ABarpaaa   0  0  0  0  0
     24.84     11.88       8.1 ABarpaap   0  0  0  0  0
     23.58     12.96      17.2 ABarpapa   0  0  0  0  0
     30.15     13.32      15.0 ABarpapp   0  0  0  0  0
     27.72       7.2       9.2 ABarppaa   0  0  0  0  0
     31.68     12.96       7.1 ABarppap   0  0  0  0  0
     34.11     11.43      14.3 ABarpppa   0  0  0  0  0
     39.42     16.38      13.1 ABarpppp   0  0  0  0  0
     15.03     18.72       8.1 ABplaaaa   0  0  0  0  0
     21.69     19.44       6.1 ABplaaap   0  0  0  0  0
     17.91     23.85       6.9 ABplaapa   0  0  0  0  0
     25.65     24.66       8.0 ABplaapp   0  0  0  0  0
     26.01     18.09       6.0 ABplapaa   0  0  0  0  0
      31.5     20.88       8.1 ABplapap   0  0  0  0  0
     29.61     27.45       7.0 ABplappa   0  0  0  0  0
     35.73      26.1       9.2 ABplappp   0  0  0  0  0
     21.96     33.03      14.1 ABplpaaa   0  0  0  0  0
     26.19     31.86       9.0 ABplpaap   0  0  0  0  0
     27.54      34.2      16.4 ABplpapa   0  0  0  0  0
      34.2     32.22      17.0 ABplpapp   0  0  0  0  0
     29.61     33.21       8.0 ABplppaa   0  0  0  0  0
     34.02     30.96       6.9 ABplppap   0  0  0  0  0
     36.99      33.3      10.1 ABplpppa   0  0  0  0  0
     40.77     33.03      16.0 ABplpppp   0  0  0  0  0
     25.83      6.66      18.1 ABpraaaa   0  0  0  0  0
     30.78      7.74      15.2 ABpraaap   0  0  0  0  0
     31.95      7.38      23.2 ABpraapa   0  0  0  0  0
     37.71      9.72      17.2 ABpraapp   0  0  0  0  0
     34.56      6.03      10.1 ABprapaa   0  0  0  0  0
     40.32      9.18       8.1 ABprapap   0  0  0  0  0
     43.65     10.44      13.2 ABprappa   0  0  0  0  0
     46.44      18.0      15.0 ABprappp   0  0  0  0  0
     38.34      8.19      26.2 ABprpaaa   0  0  0  0  0
     41.04      7.92      18.3 ABprpaap   0  0  0  0  0
     42.03     10.44      25.2 ABprpapa   0  0  0  0  0
     45.27     15.48      27.1 ABprpapp   0  0  0  0  0
      45.9      9.45      20.1 ABprppaa   0  0  0  0  0
     47.97     14.13      19.0 ABprppap   0  0  0  0  0
     49.95     16.83      23.1 ABprpppa   0  0  0  0  0
     48.33     22.32      26.2 ABprpppp   0  0  0  0  0
     18.27     24.03      24.1 MSaaa   0  0  0  0  0
     24.93     24.84      27.1 MSaap   0  0  0  0  0
     24.48     30.87      24.1 MSapa   0  0  0  0  0
     32.04     31.05      25.1 MSapp   0  0  0  0  0
     27.09     16.47      25.1 MSpaa   0  0  0  0  0
     33.03     21.06      26.2 MSpap   0  0  0  0  0
     38.07     14.04      25.2 MSppa   0  0  0  0  0
     41.49     20.25      27.1 MSppp   0  0  0  0  0
     28.35     23.67      20.1 Eal   0  0  0  0  0
     34.29     17.73      19.2 Ear   0  0  0  0  0
     37.62     24.75      15.1 Epl   0  0  0  0  0
      42.3     22.95      20.0 Epr   0  0  0  0  0
     35.73     18.45       6.0 Caaa   0  0  0  0  0
     42.84     23.58       7.0 Caap   0  0  0  0  0
     39.87     29.07       5.3 Capa   0  0  0  0  0
      45.9     29.61      10.4 Capp   0  0  0  0  0
     44.19     14.31       5.2 Cpaa   0  0  0  0  0
      48.6     22.86       9.1 Cpap   0  0  0  0  0
      50.4     21.06      17.1 Cppa   0  0  0  0  0
     49.23     28.26      16.3 Cppp   0  0  0  0  0
     41.85     30.69      21.1  Da   0  0  0  0  0
     45.45     27.54      24.2  Dp   0  0  0  0  0
     37.08     26.82      26.1  P4   0  0  0  0  0
 1  9  1  0  0  0  0
M END
$$$$