130619PHA4p2_044
kurekaoru/ZhaoLAB_HKBU/161117

 28  0  0  0  0  0  0  0  0  0  0 V2000
     13.23      20.7      21.1 ABalaa   0  0  0  0  0
     15.57     17.01      11.9 ABalap   0  0  0  0  0
     15.57     26.37      15.0 ABalpa   0  0  0  0  0
     22.86     29.61      11.0 ABalpp   0  0  0  0  0
     18.81     15.93      23.8 ABaraa   0  0  0  0  0
     27.63     11.61      21.0 ABarap   0  0  0  0  0
     24.39     11.25      12.1 ABarpa   0  0  0  0  0
     33.84     10.44       9.6 ABarpp   0  0  0  0  0
      21.6     21.24       8.7 ABplaa   0  0  0  0  0
      29.7     21.87       9.0 ABplap   0  0  0  0  0
     30.24     31.86      11.4 ABplpa   0  0  0  0  0
      36.9     29.97      10.0 ABplpp   0  0  0  0  0
     33.57      8.73      21.0 ABpraa   0  0  0  0  0
     41.58      8.64      15.2 ABprap   0  0  0  0  0
     41.22      12.6      26.2 ABprpa   0  0  0  0  0
     47.79     17.37      24.9 ABprpp   0  0  0  0  0
     19.53     26.82      27.1 MSaa   0  0  0  0  0
     26.37     31.14      24.0 MSap   0  0  0  0  0
     26.19     20.79      24.3 MSpa   0  0  0  0  0
     34.83     17.64      28.9 MSpp   0  0  0  0  0
     32.49     23.76      20.2  Ea   0  0  0  0  0
      42.3     24.93      18.3  Ep   0  0  0  0  0
     35.73     18.27      10.0 Caa   0  0  0  0  0
     42.21     23.04      10.7 Cap   0  0  0  0  0
     46.17     14.94       9.8 Cpa   0  0  0  0  0
     50.58     23.76      15.2 Cpp   0  0  0  0  0
     47.16     29.88      20.1   D   0  0  0  0  0
     41.04      31.5      25.2  P4   0  0  0  0  0
 1  9  1  0  0  0  0
M END
$$$$