130619PHA4p2_035
kurekaoru/ZhaoLAB_HKBU/161117

 26  0  0  0  0  0  0  0  0  0  0 V2000
     14.13     20.97      24.2 ABalaa   0  0  0  0  0
     15.12      15.3      13.2 ABalap   0  0  0  0  0
     13.68     27.54      15.1 ABalpa   0  0  0  0  0
     21.96     30.33      10.1 ABalpp   0  0  0  0  0
      19.8     16.74      26.1 ABaraa   0  0  0  0  0
     26.73     10.71      25.2 ABarap   0  0  0  0  0
     24.03      9.63      12.1 ABarpa   0  0  0  0  0
      35.1     10.17      10.1 ABarpp   0  0  0  0  0
     20.16     19.62       8.2 ABplaa   0  0  0  0  0
     29.07     20.88       8.1 ABplap   0  0  0  0  0
     28.89     32.67      11.1 ABplpa   0  0  0  0  0
     36.99     30.87       9.2 ABplpp   0  0  0  0  0
     33.75      8.37      23.3 ABpraa   0  0  0  0  0
      42.3      9.81      18.2 ABprap   0  0  0  0  0
     40.23     15.39      28.1 ABprpa   0  0  0  0  0
     48.15     19.44      25.1 ABprpp   0  0  0  0  0
     21.24     27.36      23.1 MSaa   0  0  0  0  0
     24.93     28.35      25.0 MSap   0  0  0  0  0
     25.92     21.51      24.0 MSpa   0  0  0  0  0
     31.41      20.7      24.1 MSpp   0  0  0  0  0
     34.02      29.7      23.2  Ea   0  0  0  0  0
     41.94     26.73      18.1  Ep   0  0  0  0  0
     36.27      20.7      11.1  Ca   0  0  0  0  0
     46.17     17.01      12.1  Cp   0  0  0  0  0
     49.05     25.92      15.2   D   0  0  0  0  0
     45.72     29.79      25.6  P4   0  0  0  0  0
 1  9  1  0  0  0  0
M END
$$$$