130619PHA4p2_029
kurekaoru/ZhaoLAB_HKBU/161117

 24  0  0  0  0  0  0  0  0  0  0 V2000
     12.96     19.35      21.3 ABalaa   0  0  0  0  0
     15.57     16.83      16.2 ABalap   0  0  0  0  0
     16.11     28.35      19.3 ABalpa   0  0  0  0  0
     21.15      29.7      12.6 ABalpp   0  0  0  0  0
     21.96     16.83      27.4 ABaraa   0  0  0  0  0
     27.63     14.94      27.0 ABarap   0  0  0  0  0
     27.09      9.81      16.5 ABarpa   0  0  0  0  0
     32.67     10.08      12.3 ABarpp   0  0  0  0  0
      20.7     18.27       9.0 ABplaa   0  0  0  0  0
     26.01     18.63       9.2 ABplap   0  0  0  0  0
     28.89     30.51      12.3 ABplpa   0  0  0  0  0
     32.85     29.88      12.1 ABplpp   0  0  0  0  0
     36.45     11.16      25.7 ABpraa   0  0  0  0  0
     40.23      10.8      21.3 ABprap   0  0  0  0  0
     42.93      20.7      28.3 ABprpa   0  0  0  0  0
     45.72     20.43      24.5 ABprpp   0  0  0  0  0
     23.76     28.35      25.1 MSa   0  0  0  0  0
      34.2     22.05      24.5 MSp   0  0  0  0  0
     35.73     32.31      23.2  Ea   0  0  0  0  0
     40.95     29.43      12.6  Ep   0  0  0  0  0
     35.91     18.99      10.3  Ca   0  0  0  0  0
     44.55      15.3      11.1  Cp   0  0  0  0  0
     48.51     22.86      13.5   D   0  0  0  0  0
     46.98     29.88      15.4  P4   0  0  0  0  0
 1  9  1  0  0  0  0
M END
$$$$