130619PHA4p2_036
kurekaoru/ZhaoLAB_HKBU/161117

 26  0  0  0  0  0  0  0  0  0  0 V2000
     13.59      20.7      23.2 ABalaa   0  0  0  0  0
     15.84     15.48      13.0 ABalap   0  0  0  0  0
     14.13     27.45      13.2 ABalpa   0  0  0  0  0
     22.68     30.33      10.0 ABalpp   0  0  0  0  0
     19.44     16.65      26.2 ABaraa   0  0  0  0  0
     27.45     11.07      24.2 ABarap   0  0  0  0  0
     24.21      9.81      13.2 ABarpa   0  0  0  0  0
     34.47     10.53      10.0 ABarpp   0  0  0  0  0
     20.07      19.8       8.0 ABplaa   0  0  0  0  0
     28.08     20.52       9.0 ABplap   0  0  0  0  0
     29.07     32.85      12.2 ABplpa   0  0  0  0  0
     36.36     31.23      11.0 ABplpp   0  0  0  0  0
     34.47      8.28      22.2 ABpraa   0  0  0  0  0
     42.93      9.54      16.2 ABprap   0  0  0  0  0
     41.58     14.49      27.3 ABprpa   0  0  0  0  0
     48.78     20.16      24.2 ABprpp   0  0  0  0  0
     19.62     27.18      24.0 MSaa   0  0  0  0  0
     24.39     27.99      21.3 MSap   0  0  0  0  0
      27.9     20.52      25.2 MSpa   0  0  0  0  0
     34.02      19.8      26.0 MSpp   0  0  0  0  0
     32.94     28.89      24.2  Ea   0  0  0  0  0
     41.49     27.09      19.2  Ep   0  0  0  0  0
     35.28     20.43      12.1  Ca   0  0  0  0  0
      45.9     18.09      13.0  Cp   0  0  0  0  0
     48.78     26.64      15.7   D   0  0  0  0  0
     45.36      30.6      24.7  P4   0  0  0  0  0
 1  9  1  0  0  0  0
M END
$$$$