130619PHA4p2_021
kurekaoru/ZhaoLAB_HKBU/161117

 13  0  0  0  0  0  0  0  0  0  0 V2000
     12.69     21.06      19.6 ABala   0  0  0  0  0
     19.35     31.05      18.4 ABalp   0  0  0  0  0
     22.77     14.58      26.4 ABara   0  0  0  0  0
     28.35      10.8      12.4 ABarp   0  0  0  0  0
     23.67     20.97      10.1 ABpla   0  0  0  0  0
     32.04     29.97      11.1 ABplp   0  0  0  0  0
      36.9      9.72      26.5 ABpra   0  0  0  0  0
     41.58     19.62      27.5 ABprp   0  0  0  0  0
     26.28     26.82      25.2 MSa   0  0  0  0  0
     30.51     25.11      24.5 MSp   0  0  0  0  0
     40.95     29.25      21.0   E   0  0  0  0  0
     42.12      15.3      11.0   C   0  0  0  0  0
     49.77     23.49      16.5  P3   0  0  0  0  0
 1  9  1  0  0  0  0
M END
$$$$