130619PHA4p2_094
kurekaoru/ZhaoLAB_HKBU/161117

160  0  0  0  0  0  0  0  0  0  0 V2000
     12.96     20.16      17.0 ABalaaaa   0  0  0  0  0
     11.79     17.19      15.1 ABalaaapa   0  0  0  0  0
     15.48     15.12      11.2 ABalaaapp   0  0  0  0  0
      15.3      13.5      16.9 ABalaapa   0  0  0  0  0
     18.36     14.58      14.0 ABalaappa   0  0  0  0  0
     22.59     14.85      11.1 ABalaappp   0  0  0  0  0
     12.15     22.68      12.3 ABalapaaa   0  0  0  0  0
     14.13     26.37       8.9 ABalapaap   0  0  0  0  0
     16.47     25.29      10.8 ABalapapa   0  0  0  0  0
     21.51     23.76       8.1 ABalapapp   0  0  0  0  0
     15.93     19.08      10.3 ABalappa   0  0  0  0  0
     20.79     20.07      12.0 ABalapppa   0  0  0  0  0
     25.65     20.79      10.0 ABalapppp   0  0  0  0  0
     12.87      20.7      23.1 ABalpaaaa   0  0  0  0  0
     15.57     23.76      24.2 ABalpaaap   0  0  0  0  0
     14.49     24.48      18.2 ABalpaapa   0  0  0  0  0
     19.08     25.92      18.1 ABalpaapp   0  0  0  0  0
     14.58     27.18      24.0 ABalpapaa   0  0  0  0  0
     19.17     24.03      25.0 ABalpapap   0  0  0  0  0
     19.35     24.93      29.0 ABalpappa   0  0  0  0  0
     24.12     27.36      28.1 ABalpappp   0  0  0  0  0
     18.45     29.07      23.1 ABalppaa   0  0  0  0  0
     16.02     30.06      18.2 ABalppapa   0  0  0  0  0
     22.59     31.59      22.2 ABalppapp   0  0  0  0  0
     14.67     27.72      13.9 ABalpppaa   0  0  0  0  0
     20.61     28.53      11.1 ABalpppap   0  0  0  0  0
     22.77     26.73      14.2 ABalppppa   0  0  0  0  0
     28.08     28.71      14.1 ABalppppp   0  0  0  0  0
     13.68     17.91      21.1 ABaraaaaa   0  0  0  0  0
     15.48     17.19      24.2 ABaraaaap   0  0  0  0  0
     16.11     13.41      22.2 ABaraaapa   0  0  0  0  0
     21.33     11.43      25.3 ABaraaapp   0  0  0  0  0
     16.92     19.98      26.4 ABaraapaa   0  0  0  0  0
     23.49     22.77      26.2 ABaraapap   0  0  0  0  0
     21.42     18.36      27.1 ABaraappa   0  0  0  0  0
     27.45      18.0      28.1 ABaraappp   0  0  0  0  0
     17.46     16.38      27.2 ABarapaaa   0  0  0  0  0
     24.39     14.22      28.1 ABarapaap   0  0  0  0  0
     24.66     10.44      26.9 ABarapapa   0  0  0  0  0
      29.7     12.42      27.2 ABarapapp   0  0  0  0  0
     22.77      9.27      22.0 ABarappaa   0  0  0  0  0
     28.26     10.98      21.2 ABarappap   0  0  0  0  0
     23.76       9.9      17.0 ABarapppa   0  0  0  0  0
     29.07     10.89      14.0 ABarapppp   0  0  0  0  0
     14.94     22.23       8.2 ABarpaaaa   0  0  0  0  0
     17.64     21.24       4.0 ABarpaaap   0  0  0  0  0
     21.78     20.52       4.3 ABarpaapa   0  0  0  0  0
     27.45      17.1       5.7 ABarpaapp   0  0  0  0  0
     16.92     15.03       7.0 ABarpapaa   0  0  0  0  0
     21.15     14.58       4.9 ABarpapap   0  0  0  0  0
     24.12     12.51       4.7 ABarpappa   0  0  0  0  0
     29.97     13.32       6.9 ABarpappp   0  0  0  0  0
     26.64     21.87       5.0 ABarppaaa   0  0  0  0  0
     31.77     21.78       5.0 ABarppaap   0  0  0  0  0
     32.85     25.29       7.0 ABarppapa   0  0  0  0  0
      36.9     26.01       7.1 ABarppapp   0  0  0  0  0
     30.87     15.93       5.1 ABarpppaa   0  0  0  0  0
     35.91     16.74       6.0 ABarpppap   0  0  0  0  0
     39.87     16.65       9.1 ABarpppp   0  0  0  0  0
     16.02     29.07       8.2 ABplaaaaa   0  0  0  0  0
     20.25      27.9       5.1 ABplaaaap   0  0  0  0  0
      22.5     26.46       6.0 ABplaaapa   0  0  0  0  0
     26.82     26.46       6.7 ABplaaapp   0  0  0  0  0
     19.98     32.13       9.0 ABplaapaa   0  0  0  0  0
     25.11      31.5       7.0 ABplaapap   0  0  0  0  0
      24.3     31.05      10.1 ABplaappa   0  0  0  0  0
     31.14     32.31      10.4 ABplaappp   0  0  0  0  0
     28.26     29.52       5.1 ABplapaaa   0  0  0  0  0
     32.94     30.33       5.0 ABplapaap   0  0  0  0  0
     35.91     31.59       7.1 ABplapapa   0  0  0  0  0
     42.39     29.79       7.0 ABplapapp   0  0  0  0  0
     34.83     34.11      12.1 ABplappaa   0  0  0  0  0
     39.96     32.76      12.0 ABplappap   0  0  0  0  0
      43.2      31.5      15.0 ABplappp   0  0  0  0  0
     19.44     32.49      16.1 ABplpaaaa   0  0  0  0  0
     25.47     33.75      19.1 ABplpaaap   0  0  0  0  0
     22.95      34.2      13.1 ABplpaapa   0  0  0  0  0
     29.07     34.56      16.0 ABplpaapp   0  0  0  0  0
     25.92     31.95      25.0 ABplpapaa   0  0  0  0  0
     30.24     32.04      24.1 ABplpapap   0  0  0  0  0
     31.77     30.24      27.2 ABplpappa   0  0  0  0  0
     36.45     29.34      27.1 ABplpappp   0  0  0  0  0
     31.59     34.38      20.0 ABplppaa   0  0  0  0  0
     36.72     31.95      19.0 ABplppap   0  0  0  0  0
     38.52     34.74      18.0 ABplpppaa   0  0  0  0  0
     42.57     32.58      22.1 ABplpppap   0  0  0  0  0
     38.34     32.49      25.0 ABplppppa   0  0  0  0  0
     42.21     29.97      27.1 ABplppppp   0  0  0  0  0
     19.71     10.17      15.1 ABpraaaa   0  0  0  0  0
     18.99      10.8       9.0 ABpraaapa   0  0  0  0  0
     23.67     10.26       8.1 ABpraaapp   0  0  0  0  0
     26.28      6.93      11.0 ABpraapaa   0  0  0  0  0
     30.06      8.91       7.1 ABpraapap   0  0  0  0  0
     32.04     10.35      11.1 ABpraappa   0  0  0  0  0
     37.35      9.18      13.0 ABpraappp   0  0  0  0  0
     32.85     10.98       4.2 ABprapaaa   0  0  0  0  0
     37.53     11.34       5.0 ABprapaap   0  0  0  0  0
     39.96      9.99       7.0 ABprapapa   0  0  0  0  0
     44.19      9.27       9.0 ABprapapp   0  0  0  0  0
     41.67      6.93      14.1 ABprappaa   0  0  0  0  0
     45.72     10.71      14.2 ABprappap   0  0  0  0  0
     46.89     13.32      14.3 ABprapppa   0  0  0  0  0
     48.87     16.83      16.3 ABprapppp   0  0  0  0  0
     26.37      7.29      17.1 ABprpaaaa   0  0  0  0  0
     31.14      7.11      18.1 ABprpaaap   0  0  0  0  0
     30.42       6.3      11.2 ABprpaapa   0  0  0  0  0
     34.65      6.84      16.1 ABprpaapp   0  0  0  0  0
     30.96       8.1      24.0 ABprpapaa   0  0  0  0  0
     34.83     10.17      25.9 ABprpapap   0  0  0  0  0
     36.81     10.89      28.1 ABprpappa   0  0  0  0  0
     41.94     11.52      27.2 ABprpappp   0  0  0  0  0
     35.64       6.3      21.0 ABprppaa   0  0  0  0  0
     39.69      8.46      20.0 ABprppap   0  0  0  0  0
     44.46      8.64      20.4 ABprpppaa   0  0  0  0  0
     48.24     12.78      20.9 ABprpppap   0  0  0  0  0
     44.64     11.52      24.2 ABprppppa   0  0  0  0  0
     47.61     15.12      27.0 ABprppppp   0  0  0  0  0
     18.18     19.98      19.1 MSaaaa   0  0  0  0  0
     23.76      21.6      20.1 MSaaap   0  0  0  0  0
     28.08     24.48      26.2 MSaapa   0  0  0  0  0
     33.12     23.58      27.3 MSaapp   0  0  0  0  0
     23.49     27.72      19.1 MSapaa   0  0  0  0  0
     28.53     26.91      20.0 MSapap   0  0  0  0  0
     32.31     25.74      21.2 MSappa   0  0  0  0  0
     34.11      28.8      16.1 MSappp   0  0  0  0  0
     22.05     14.85      17.2 MSpaaa   0  0  0  0  0
      27.9     17.46      22.3 MSpaap   0  0  0  0  0
     31.68     16.65      26.0 MSpapa   0  0  0  0  0
     37.98     17.91      27.1 MSpapp   0  0  0  0  0
     28.26     14.31      16.2 MSppaa   0  0  0  0  0
     32.49     13.23      19.0 MSppap   0  0  0  0  0
     36.09     15.12      20.3 MSpppa   0  0  0  0  0
     39.06     13.41      20.2 MSpppp   0  0  0  0  0
     27.09     23.31      15.1 Eala   0  0  0  0  0
     32.67     22.05      17.1 Ealp   0  0  0  0  0
     27.99     17.91      13.0 Eara   0  0  0  0  0
     35.73     14.49      14.0 Earp   0  0  0  0  0
     36.54     22.23      12.0 Epla   0  0  0  0  0
     41.31     25.47      13.1 Eplp   0  0  0  0  0
     39.69     15.84      16.0 Epra   0  0  0  0  0
     43.38     20.79      16.0 Eprp   0  0  0  0  0
     38.61     21.42       4.6 Caaaa   0  0  0  0  0
     44.37     24.48       7.1 Caaap   0  0  0  0  0
     47.16     27.72       8.9 Caapa   0  0  0  0  0
     47.61     27.36      12.9 Caapp   0  0  0  0  0
     46.89     28.89      24.3 Capa   0  0  0  0  0
     46.08     27.09      17.3 Capp   0  0  0  0  0
     43.38     12.87       5.6 Cpaaa   0  0  0  0  0
     47.25     18.09       7.1 Cpaap   0  0  0  0  0
     50.04     20.43       8.4 Cpapa   0  0  0  0  0
     51.12      25.2      15.2 Cpapp   0  0  0  0  0
     48.96     18.72      25.0 Cppa   0  0  0  0  0
      47.7     20.07      17.2 Cpppa   0  0  0  0  0
     50.49     22.68      20.4 Cpppp   0  0  0  0  0
     38.07     26.19      24.0 Daa   0  0  0  0  0
     42.66     25.92      25.1 Dap   0  0  0  0  0
     42.75     16.02      25.1 Dpa   0  0  0  0  0
     45.54      21.6      25.2 Dpp   0  0  0  0  0
     40.41     20.16      23.0  Z2   0  0  0  0  0
     34.92     22.23      23.1  Z3   0  0  0  0  0
 1  9  1  0  0  0  0
M END
$$$$