130619PHA4p2_030
kurekaoru/ZhaoLAB_HKBU/161117

 24  0  0  0  0  0  0  0  0  0  0 V2000
     12.96     20.07      21.8 ABalaa   0  0  0  0  0
     15.21     16.74      15.3 ABalap   0  0  0  0  0
      15.3     28.08      16.9 ABalpa   0  0  0  0  0
     20.79     29.34      12.7 ABalpp   0  0  0  0  0
     21.15     17.91      27.7 ABaraa   0  0  0  0  0
     26.01     14.13      25.4 ABarap   0  0  0  0  0
     25.92     10.98      14.4 ABarpa   0  0  0  0  0
     32.67     10.71      12.6 ABarpp   0  0  0  0  0
     20.61     18.45       8.9 ABplaa   0  0  0  0  0
     28.17     20.25      10.6 ABplap   0  0  0  0  0
     28.44     32.22      12.8 ABplpa   0  0  0  0  0
     34.11     30.87      10.9 ABplpp   0  0  0  0  0
     35.73      9.72      24.9 ABpraa   0  0  0  0  0
     41.22     10.71      20.6 ABprap   0  0  0  0  0
      40.5     18.99      29.5 ABprpa   0  0  0  0  0
     45.63     20.52      25.9 ABprpp   0  0  0  0  0
     23.04     28.35      23.2 MSa   0  0  0  0  0
     32.04     21.87      23.3 MSp   0  0  0  0  0
     34.65     31.86      23.7  Ea   0  0  0  0  0
     42.12     30.24      15.8  Ep   0  0  0  0  0
     36.99      19.8      10.3  Ca   0  0  0  0  0
     45.18     17.46      10.4  Cp   0  0  0  0  0
     49.23     24.84      14.4   D   0  0  0  0  0
     47.16     30.33      21.4  P4   0  0  0  0  0
 1  9  1  0  0  0  0
M END
$$$$