130619PHA4p2_028
kurekaoru/ZhaoLAB_HKBU/161117

 16  0  0  0  0  0  0  0  0  0  0 V2000
     14.49     19.08      19.4 ABala   0  0  0  0  0
      17.1      28.8      17.9 ABalp   0  0  0  0  0
      24.3     15.75      25.2 ABara   0  0  0  0  0
      29.7     11.07      15.8 ABarp   0  0  0  0  0
     22.05     17.82      10.9 ABpla   0  0  0  0  0
     29.61     31.14      11.1 ABplp   0  0  0  0  0
     38.07     10.98      24.6 ABpra   0  0  0  0  0
     44.46     20.52      26.8 ABprp   0  0  0  0  0
     25.47     27.18      25.5 MSa   0  0  0  0  0
     35.19     21.96      25.2 MSp   0  0  0  0  0
     36.45     32.94      23.3  Ea   0  0  0  0  0
     40.59     29.88      13.2  Ep   0  0  0  0  0
     34.56     18.99      10.1  Ca   0  0  0  0  0
     43.65     15.66      11.0  Cp   0  0  0  0  0
     48.69     23.13      13.4   D   0  0  0  0  0
     47.43     28.53      13.2  P4   0  0  0  0  0
 1  9  1  0  0  0  0
M END
$$$$