130619PHA4p2_072
kurekaoru/ZhaoLAB_HKBU/161117

 88  0  0  0  0  0  0  0  0  0  0 V2000
     12.06     21.96      21.0 ABalaaaa   0  0  0  0  0
     14.76     16.65      14.3 ABalaaap   0  0  0  0  0
     16.65     19.53      18.0 ABalaapa   0  0  0  0  0
     22.86     20.07      16.2 ABalaapp   0  0  0  0  0
     14.22     13.32      11.1 ABalapaa   0  0  0  0  0
     19.17     13.41       8.1 ABalapap   0  0  0  0  0
     19.44     18.18      12.9 ABalappa   0  0  0  0  0
     26.19     18.63      12.0 ABalappp   0  0  0  0  0
     11.25     21.96      15.0 ABalpaaa   0  0  0  0  0
     14.67     24.21      12.0 ABalpaap   0  0  0  0  0
     13.32     26.82      18.1 ABalpapa   0  0  0  0  0
     20.61     30.33      20.0 ABalpapp   0  0  0  0  0
     14.85     29.43      11.3 ABalppaa   0  0  0  0  0
     19.71     29.16       8.2 ABalppap   0  0  0  0  0
      21.6     26.46      15.0 ABalpppa   0  0  0  0  0
     27.45     29.61      15.0 ABalpppp   0  0  0  0  0
     13.59      17.1      23.3 ABaraaaa   0  0  0  0  0
     19.71     14.67      20.1 ABaraaap   0  0  0  0  0
      17.1     17.82      28.2 ABaraapa   0  0  0  0  0
     22.59     18.18      28.4 ABaraapp   0  0  0  0  0
     19.89      9.99      21.9 ABarapaa   0  0  0  0  0
      25.2     10.98      26.9 ABarapap   0  0  0  0  0
     28.98      9.72      25.1 ABarappa   0  0  0  0  0
     33.21     12.87      26.9 ABarappp   0  0  0  0  0
     18.45     10.53      14.9 ABarpaaa   0  0  0  0  0
     24.21     11.25       7.0 ABarpaap   0  0  0  0  0
     23.49     12.69      15.9 ABarpapa   0  0  0  0  0
     29.97     13.14      14.2 ABarpapp   0  0  0  0  0
     27.45      7.02       9.3 ABarppaa   0  0  0  0  0
     32.04     12.42       6.9 ABarppap   0  0  0  0  0
     33.75     10.62      14.2 ABarpppa   0  0  0  0  0
     40.41     15.84      13.1 ABarpppp   0  0  0  0  0
     14.67     18.54       8.0 ABplaaaa   0  0  0  0  0
     21.78     18.27       5.1 ABplaaap   0  0  0  0  0
     17.91     23.22       6.1 ABplaapa   0  0  0  0  0
     25.56     24.84       6.2 ABplaapp   0  0  0  0  0
     26.73     16.11       5.0 ABplapaa   0  0  0  0  0
     31.59      20.7       7.0 ABplapap   0  0  0  0  0
     30.33     26.64       6.1 ABplappa   0  0  0  0  0
     36.45     26.28       8.1 ABplappp   0  0  0  0  0
     22.23     32.85      14.0 ABplpaaa   0  0  0  0  0
     25.92     30.87       7.0 ABplpaap   0  0  0  0  0
      27.0     34.02      16.0 ABplpapa   0  0  0  0  0
     33.21     33.03      14.4 ABplpapp   0  0  0  0  0
     29.61     33.03       8.0 ABplppaa   0  0  0  0  0
     35.91      31.5       7.0 ABplppap   0  0  0  0  0
     37.89     33.57      10.2 ABplpppa   0  0  0  0  0
     39.78      33.3      17.4 ABplpppp   0  0  0  0  0
     24.21      7.02      17.9 ABpraaaa   0  0  0  0  0
     30.78      6.75      15.1 ABpraaap   0  0  0  0  0
     31.68       7.2      22.2 ABpraapa   0  0  0  0  0
     37.17      7.83      16.2 ABpraapp   0  0  0  0  0
     34.11       6.3       9.2 ABprapaa   0  0  0  0  0
     40.59      9.09       8.3 ABprapap   0  0  0  0  0
     43.65       9.9      14.1 ABprappa   0  0  0  0  0
     46.44     16.92      15.9 ABprappp   0  0  0  0  0
     36.36      8.73      27.3 ABprpaaa   0  0  0  0  0
     41.94      7.65      17.1 ABprpaap   0  0  0  0  0
      41.4      8.82      25.1 ABprpapa   0  0  0  0  0
     45.09     14.58      27.9 ABprpapp   0  0  0  0  0
     45.63      8.91      21.1 ABprppaa   0  0  0  0  0
      48.6     14.04      18.3 ABprppap   0  0  0  0  0
     49.95     15.93      24.0 ABprpppa   0  0  0  0  0
     48.33     21.51      26.4 ABprpppp   0  0  0  0  0
      18.9     24.39      23.0 MSaaa   0  0  0  0  0
     25.29      24.3      27.0 MSaap   0  0  0  0  0
     25.74     30.78      23.2 MSapa   0  0  0  0  0
     32.85     31.23      24.0 MSapp   0  0  0  0  0
     26.82     16.74      24.1 MSpaa   0  0  0  0  0
     32.58     20.61      26.0 MSpap   0  0  0  0  0
     38.79     15.12      25.3 MSppa   0  0  0  0  0
     41.94     19.89      27.1 MSppp   0  0  0  0  0
      29.7     22.59      18.0 Eal   0  0  0  0  0
     34.11     17.19      19.0 Ear   0  0  0  0  0
     37.44     24.21      13.2 Epl   0  0  0  0  0
     43.02     23.04      18.1 Epr   0  0  0  0  0
     36.27     17.19       5.0 Caaa   0  0  0  0  0
     43.74     22.95       6.1 Caap   0  0  0  0  0
     41.31     28.53       5.2 Capa   0  0  0  0  0
     46.71      29.7      11.3 Capp   0  0  0  0  0
     44.19     14.31       7.0 Cpaa   0  0  0  0  0
     48.96     22.14       9.1 Cpap   0  0  0  0  0
      50.4      19.8      18.0 Cppa   0  0  0  0  0
     49.14     27.81      17.1 Cppp   0  0  0  0  0
      41.4     30.15      21.1  Da   0  0  0  0  0
     45.54     27.36      25.1  Dp   0  0  0  0  0
     39.96     25.47      27.1  Z2   0  0  0  0  0
     35.01     27.09      26.2  Z3   0  0  0  0  0
 1  9  1  0  0  0  0
M END
$$$$