130619PHA4p2_040
kurekaoru/ZhaoLAB_HKBU/161117

 28  0  0  0  0  0  0  0  0  0  0 V2000
     12.87     20.88      22.0 ABalaa   0  0  0  0  0
     15.75     17.64      13.0 ABalap   0  0  0  0  0
     15.48     28.53      15.0 ABalpa   0  0  0  0  0
     22.68     30.87      10.0 ABalpp   0  0  0  0  0
     18.72     16.29      25.1 ABaraa   0  0  0  0  0
     26.28     11.79      21.4 ABarap   0  0  0  0  0
     23.31     10.26      13.0 ABarpa   0  0  0  0  0
     33.75     10.35      10.1 ABarpp   0  0  0  0  0
      20.7     20.52       8.2 ABplaa   0  0  0  0  0
     28.17     21.51       8.9 ABplap   0  0  0  0  0
     29.88     32.67      12.2 ABplpa   0  0  0  0  0
     36.99      30.6       9.1 ABplpp   0  0  0  0  0
     33.75      8.55      22.1 ABpraa   0  0  0  0  0
      41.4       9.0      17.2 ABprap   0  0  0  0  0
     42.03     13.95      27.2 ABprpa   0  0  0  0  0
     48.33     19.71      24.4 ABprpp   0  0  0  0  0
      18.0     27.72      27.0 MSaa   0  0  0  0  0
     26.46     30.51      24.1 MSap   0  0  0  0  0
     25.47     20.61      25.0 MSpa   0  0  0  0  0
     35.91     18.27      28.9 MSpp   0  0  0  0  0
     33.12     26.91      22.1  Ea   0  0  0  0  0
     41.67     26.28      21.1  Ep   0  0  0  0  0
     34.02     18.45      11.2 Caa   0  0  0  0  0
     37.53     20.97      12.1 Cap   0  0  0  0  0
     44.55     14.94      11.1 Cpa   0  0  0  0  0
     47.07     19.89      13.4 Cpp   0  0  0  0  0
      48.6     27.54      15.0   D   0  0  0  0  0
     44.73     31.86      21.1  P4   0  0  0  0  0
 1  9  1  0  0  0  0
M END
$$$$