130619PHA4p2_058
kurekaoru/ZhaoLAB_HKBU/161117

 51  0  0  0  0  0  0  0  0  0  0 V2000
     12.51     19.71      13.0 ABalaaa   0  0  0  0  0
     13.77     23.49      21.0 ABalaap   0  0  0  0  0
     16.74     15.66      10.0 ABalapa   0  0  0  0  0
     20.07     20.07      18.0 ABalapp   0  0  0  0  0
     14.04     25.38      10.8 ABalpaa   0  0  0  0  0
     17.73     30.51      18.0 ABalpap   0  0  0  0  0
     18.81     30.42       9.9 ABalppa   0  0  0  0  0
     25.92     32.67      16.8 ABalppp   0  0  0  0  0
     15.84     14.13      20.2 ABaraaa   0  0  0  0  0
     18.63     18.81      26.3 ABaraap   0  0  0  0  0
     21.87     10.71      21.2 ABarapa   0  0  0  0  0
     28.53     12.87      27.2 ABarapp   0  0  0  0  0
     22.68     11.34       9.9 ABarpaa   0  0  0  0  0
     26.82     14.67      17.3 ABarpap   0  0  0  0  0
     30.06     11.16       8.1 ABarppa   0  0  0  0  0
     35.37     12.87      13.0 ABarppp   0  0  0  0  0
     20.34     18.18       6.8 ABplaaa   0  0  0  0  0
     23.58      25.2      11.0 ABplaap   0  0  0  0  0
     26.73     18.63       8.8 ABplapa   0  0  0  0  0
     30.87     26.73       8.0 ABplapp   0  0  0  0  0
     26.82     32.49       8.9 ABplpaa   0  0  0  0  0
      33.3     34.65      16.9 ABplpap   0  0  0  0  0
     33.57     31.32       7.7 ABplppa   0  0  0  0  0
     39.33     34.47      14.7 ABplppp   0  0  0  0  0
     28.26      7.83      17.2 ABpraaa   0  0  0  0  0
     34.29      9.09      22.2 ABpraap   0  0  0  0  0
     37.71      7.92      11.0 ABprapa   0  0  0  0  0
     44.37     10.98      16.1 ABprapp   0  0  0  0  0
     40.32      8.46      23.7 ABprpaa   0  0  0  0  0
     43.02     15.66      26.3 ABprpap   0  0  0  0  0
     47.88     14.04      21.9 ABprppa   0  0  0  0  0
     47.88     19.71      25.9 ABprppp   0  0  0  0  0
     15.66     26.19      25.9 MSaaa   0  0  0  0  0
     25.02     25.92      28.8 MSaap   0  0  0  0  0
     23.13     31.05      23.8 MSapa   0  0  0  0  0
     30.69     30.42      27.8 MSapp   0  0  0  0  0
     24.21     18.45      25.9 MSpaa   0  0  0  0  0
     32.67      22.5      27.2 MSpap   0  0  0  0  0
     35.28     14.76      29.5 MSppa   0  0  0  0  0
      38.7      21.6      28.7 MSppp   0  0  0  0  0
     30.42     27.45      19.1 Eal   0  0  0  0  0
     32.31     20.16      18.2 Ear   0  0  0  0  0
     38.34     28.53      14.1 Epl   0  0  0  0  0
     41.58     22.68      20.2 Epr   0  0  0  0  0
     34.74     19.71       9.0 Caa   0  0  0  0  0
     41.04     26.37       8.7 Cap   0  0  0  0  0
     43.29     17.28      10.1 Cpa   0  0  0  0  0
     49.14     24.39      13.2 Cpp   0  0  0  0  0
      45.0     32.58      17.9  Da   0  0  0  0  0
     48.06     26.55      26.9  Dp   0  0  0  0  0
      41.4     29.43      26.4  P4   0  0  0  0  0
 1  9  1  0  0  0  0
M END
$$$$