130619PHA4p2_048
kurekaoru/ZhaoLAB_HKBU/161117

 44  0  0  0  0  0  0  0  0  0  0 V2000
     11.88     21.24      16.9 ABalaaa   0  0  0  0  0
     13.95     24.21      23.0 ABalaap   0  0  0  0  0
      15.3     16.47      11.8 ABalapa   0  0  0  0  0
     18.54     20.34      17.8 ABalapp   0  0  0  0  0
      14.4     26.01      10.1 ABalpaa   0  0  0  0  0
     18.18     31.59      16.2 ABalpap   0  0  0  0  0
     21.69      30.6       9.8 ABalppa   0  0  0  0  0
     26.73     33.39      15.9 ABalppp   0  0  0  0  0
     15.12      15.3      21.1 ABaraaa   0  0  0  0  0
     20.43     17.46      26.9 ABaraap   0  0  0  0  0
     21.78     11.34      21.1 ABarapa   0  0  0  0  0
     26.91     13.23      26.8 ABarapp   0  0  0  0  0
     22.23      11.7      11.0 ABarpaa   0  0  0  0  0
     26.19     14.04      17.0 ABarpap   0  0  0  0  0
     29.16     11.34       9.0 ABarppa   0  0  0  0  0
     33.57     13.05      15.0 ABarppp   0  0  0  0  0
     20.61     19.08       7.9 ABplaaa   0  0  0  0  0
      24.3     24.03      12.9 ABplaap   0  0  0  0  0
     27.18     18.63       8.0 ABplapa   0  0  0  0  0
     32.31     24.57       8.0 ABplapp   0  0  0  0  0
     29.61     32.49       9.8 ABplpaa   0  0  0  0  0
     34.74     32.67      16.8 ABplpap   0  0  0  0  0
     36.27     29.16       7.1 ABplppa   0  0  0  0  0
     41.31     32.04      13.7 ABplppp   0  0  0  0  0
     28.71      7.56      17.9 ABpraaa   0  0  0  0  0
     32.94      10.8      24.9 ABpraap   0  0  0  0  0
     37.17      6.93      13.8 ABprapa   0  0  0  0  0
     43.65      9.99      15.2 ABprapp   0  0  0  0  0
     40.41      9.81      25.8 ABprpaa   0  0  0  0  0
     41.76      16.2      26.7 ABprpap   0  0  0  0  0
      47.7     13.77      21.2 ABprppa   0  0  0  0  0
     47.43     19.62      26.9 ABprppp   0  0  0  0  0
     18.63     27.99      25.1 MSaa   0  0  0  0  0
     27.27     31.41      24.1 MSap   0  0  0  0  0
     25.29     21.42      26.0 MSpa   0  0  0  0  0
     36.27     17.91      28.2 MSpp   0  0  0  0  0
     30.96     25.11      20.8  Ea   0  0  0  0  0
     39.42     24.39      18.1  Ep   0  0  0  0  0
     36.99     18.63       9.8 Caa   0  0  0  0  0
     41.85     24.03      10.1 Cap   0  0  0  0  0
     45.99     14.85       9.5 Cpa   0  0  0  0  0
     50.67     22.32      15.1 Cpp   0  0  0  0  0
     46.89     29.34      22.1   D   0  0  0  0  0
     40.68     31.05      25.2  P4   0  0  0  0  0
 1  9  1  0  0  0  0
M END
$$$$