130619PHA4p2_110
kurekaoru/ZhaoLAB_HKBU/161117

190  0  0  0  0  0  0  0  0  0  0 V2000
      12.6     25.65      15.0 ABalaaaal   0  0  0  0  0
     11.52     23.76      19.1 ABalaaaar   0  0  0  0  0
     11.34     22.14      14.1 ABalaaapa   0  0  0  0  0
     12.15     18.09      12.1 ABalaaapp   0  0  0  0  0
      11.7     17.01      18.0 ABalaapaa   0  0  0  0  0
     14.04     14.13      18.0 ABalaapap   0  0  0  0  0
     13.95     13.59      12.9 ABalaappa   0  0  0  0  0
      17.1     13.95      10.1 ABalaappp   0  0  0  0  0
     15.39     26.55      11.9 ABalapaaa   0  0  0  0  0
     16.47     29.34       9.0 ABalapaap   0  0  0  0  0
     19.26     27.54       8.1 ABalapapa   0  0  0  0  0
     23.04     25.74       9.1 ABalapapp   0  0  0  0  0
     13.68     22.14       9.9 ABalappaa   0  0  0  0  0
     15.03     18.27       8.2 ABalappap   0  0  0  0  0
     18.63     17.28       7.0 ABalapppa   0  0  0  0  0
     23.04     14.31       9.1 ABalapppp   0  0  0  0  0
     15.03     23.76      26.9 ABalpaaaa   0  0  0  0  0
     17.82     25.11      27.4 ABalpaaap   0  0  0  0  0
     15.03     26.28      21.1 ABalpaapa   0  0  0  0  0
     19.44     27.99      20.1 ABalpaapp   0  0  0  0  0
     17.55     28.62      25.1 ABalpapaa   0  0  0  0  0
     20.79     26.64      25.4 ABalpapap   0  0  0  0  0
     23.04     27.09      28.3 ABalpappa   0  0  0  0  0
     25.83      25.2      26.2 ABalpappp   0  0  0  0  0
     18.27     31.86      16.2 ABalppaaa   0  0  0  0  0
     18.99     32.04      20.1 ABalppaap   0  0  0  0  0
     22.77     31.77      23.1 ABalppapa   0  0  0  0  0
     26.55     31.05      21.3 ABalppapp   0  0  0  0  0
     19.35     31.23      12.2 ABalpppaa   0  0  0  0  0
     23.94     31.59      14.3 ABalpppap   0  0  0  0  0
     24.48     30.15      10.1 ABalppppa   0  0  0  0  0
     28.53     32.85       9.2 ABalppppp   0  0  0  0  0
     12.96     20.52      22.1 ABaraaaaa   0  0  0  0  0
     15.75      18.9      23.0 ABaraaaap   0  0  0  0  0
      16.2     15.93      24.3 ABaraaapa   0  0  0  0  0
     19.89      13.5      23.1 ABaraaapp   0  0  0  0  0
      17.1     22.23      24.0 ABaraapaa   0  0  0  0  0
     21.33     23.31      22.2 ABaraapap   0  0  0  0  0
     20.25     20.07      24.9 ABaraappa   0  0  0  0  0
     24.21     20.34      24.2 ABaraappp   0  0  0  0  0
     18.54     16.92      28.1 ABarapaaa   0  0  0  0  0
     22.23     17.28      26.3 ABarapaap   0  0  0  0  0
      25.2     16.11      28.2 ABarapapa   0  0  0  0  0
     28.35     18.27      27.2 ABarapapp   0  0  0  0  0
     23.31     12.06      27.1 ABarappaa   0  0  0  0  0
     26.91     13.41      24.2 ABarappap   0  0  0  0  0
     23.31     12.42      21.3 ABarapppa   0  0  0  0  0
     26.01     10.53      21.2 ABarapppp   0  0  0  0  0
     17.46     23.67       5.2 ABarpaaaa   0  0  0  0  0
     20.25     21.87       5.0 ABarpaaap   0  0  0  0  0
     24.03     19.44       4.2 ABarpaapa   0  0  0  0  0
     29.34     16.02       5.0 ABarpaapp   0  0  0  0  0
     19.26     17.37       3.7 ABarpapaa   0  0  0  0  0
     22.14     14.04       4.0 ABarpapap   0  0  0  0  0
     25.38     12.51       4.3 ABarpappa   0  0  0  0  0
     29.07      10.8       5.2 ABarpappp   0  0  0  0  0
      28.8     20.52       4.1 ABarppaaa   0  0  0  0  0
     34.83     19.98       4.4 ABarppaap   0  0  0  0  0
     38.61     25.56       5.6 ABarppapa   0  0  0  0  0
     43.74     25.92       7.2 ABarppapp   0  0  0  0  0
     31.95     11.61       4.0 ABarpppaa   0  0  0  0  0
     35.46     10.89       6.1 ABarpppap   0  0  0  0  0
      38.7     11.43      10.0 ABarppppa   0  0  0  0  0
     43.38     13.41      10.1 ABarppppp   0  0  0  0  0
     20.34     26.82       4.9 ABplaaaaa   0  0  0  0  0
      23.4     24.12       5.0 ABplaaaap   0  0  0  0  0
     27.18     25.02       4.9 ABplaaapa   0  0  0  0  0
     32.22      26.1       5.1 ABplaaapp   0  0  0  0  0
     23.58     31.41       5.9 ABplaapaa   0  0  0  0  0
     28.26     30.24       4.1 ABplaapap   0  0  0  0  0
     31.68     31.95       7.3 ABplaappa   0  0  0  0  0
     35.01     32.58      11.0 ABplaappp   0  0  0  0  0
     33.66     30.06       5.0 ABplapaaa   0  0  0  0  0
     37.53     30.42       6.0 ABplapaap   0  0  0  0  0
     41.94     29.43       7.1 ABplapapa   0  0  0  0  0
     45.54     28.35      13.3 ABplapapp   0  0  0  0  0
     39.06     33.03      12.0 ABplappaa   0  0  0  0  0
     43.47     31.59      12.1 ABplappap   0  0  0  0  0
     45.27     32.22      16.0 ABplapppa   0  0  0  0  0
     47.16     30.69      20.1 ABplapppp   0  0  0  0  0
     23.67     34.11      19.1 ABplpaaaa   0  0  0  0  0
     28.71     34.56      20.1 ABplpaaap   0  0  0  0  0
     26.37     34.38      15.0 ABplpaapa   0  0  0  0  0
     31.14     34.65      15.1 ABplpaapp   0  0  0  0  0
     26.46     31.77      25.2 ABplpapaa   0  0  0  0  0
     30.15     31.41      24.2 ABplpapap   0  0  0  0  0
     30.42     28.08      27.2 ABplpappa   0  0  0  0  0
     34.65     28.98      28.2 ABplpappp   0  0  0  0  0
      33.3     33.84      19.9 ABplppaaa   0  0  0  0  0
     34.47     31.41      23.0 ABplppaap   0  0  0  0  0
     37.62     31.68      20.8 ABplppapa   0  0  0  0  0
     41.85     30.51      20.3 ABplppapp   0  0  0  0  0
     40.68     33.93      18.2 ABplpppaa   0  0  0  0  0
     43.56     32.58      23.0 ABplpppap   0  0  0  0  0
     37.89     31.86      25.1 ABplppppa   0  0  0  0  0
     39.24     28.53      28.0 ABplppppp   0  0  0  0  0
     17.82     10.89      19.0 ABpraaaaa   0  0  0  0  0
     21.06      8.64      17.1 ABpraaaap   0  0  0  0  0
     18.45     10.26      13.1 ABpraaapa   0  0  0  0  0
     24.57       9.0      11.2 ABpraaapp   0  0  0  0  0
     23.31      9.09       7.0 ABpraapaa   0  0  0  0  0
     27.36      8.28       8.1 ABpraapap   0  0  0  0  0
     31.32      6.75      11.0 ABpraappa   0  0  0  0  0
     34.83      7.83      15.2 ABpraappp   0  0  0  0  0
     33.84      7.29       7.1 ABprapaaa   0  0  0  0  0
     37.62      7.65      10.9 ABprapaap   0  0  0  0  0
     41.94      7.38      12.3 ABprapapa   0  0  0  0  0
      46.8     11.25      15.9 ABprapapp   0  0  0  0  0
     40.59      6.84      18.1 ABprappaa   0  0  0  0  0
     44.64      8.73      18.0 ABprappap   0  0  0  0  0
     46.26      10.8      22.0 ABprapppa   0  0  0  0  0
     47.79     13.59      25.1 ABprapppp   0  0  0  0  0
     24.21      8.01      21.0 ABprpaaaa   0  0  0  0  0
     28.98      7.56      21.1 ABprpaaap   0  0  0  0  0
     26.91      6.66      15.0 ABprpaapa   0  0  0  0  0
     31.23      6.75      18.1 ABprpaapp   0  0  0  0  0
      27.9     10.08      25.1 ABprpapaa   0  0  0  0  0
     31.14     10.17      26.3 ABprpapap   0  0  0  0  0
     30.96     14.31      28.2 ABprpappa   0  0  0  0  0
     35.19     13.14      28.9 ABprpappp   0  0  0  0  0
     33.66      7.65      22.9 ABprppaaa   0  0  0  0  0
     36.54      8.73      25.2 ABprppaap   0  0  0  0  0
     37.44      9.63      20.9 ABprppapa   0  0  0  0  0
     41.67      10.8      21.4 ABprppapp   0  0  0  0  0
     41.31      8.55      25.1 ABprpppaa   0  0  0  0  0
     44.28     11.79      27.1 ABprpppap   0  0  0  0  0
     39.69     12.06      26.3 ABprppppa   0  0  0  0  0
     41.31     15.57      28.3 ABprppppp   0  0  0  0  0
     14.58     21.51      15.2 MSaaaaa   0  0  0  0  0
     18.54     20.07      13.0 MSaaaap   0  0  0  0  0
     18.81     24.03      15.1 MSaaapa   0  0  0  0  0
     24.57     21.51      16.2 MSaaapp   0  0  0  0  0
      24.3     24.66      21.0 MSaapaa   0  0  0  0  0
     30.24     23.49      23.1 MSaapap   0  0  0  0  0
     31.05     23.13      28.0 MSaappa   0  0  0  0  0
     34.29     24.75      25.2 MSaappp   0  0  0  0  0
     20.61     29.07      15.2 MSapaaa   0  0  0  0  0
     24.93     26.73      16.1 MSapaap   0  0  0  0  0
     27.36     29.34      15.0 MSapapa   0  0  0  0  0
     31.95     28.35      12.0 MSapapp   0  0  0  0  0
      27.9     27.18      18.9 MSappaa   0  0  0  0  0
     32.31      26.1      21.2 MSappap   0  0  0  0  0
      31.5     30.51      17.3 MSapppa   0  0  0  0  0
     35.01     27.72      16.2 MSapppp   0  0  0  0  0
     15.93     16.56      16.2 MSpaaaa   0  0  0  0  0
     20.79     16.02      14.1 MSpaaap   0  0  0  0  0
     19.89     17.91      19.3 MSpaapa   0  0  0  0  0
     26.01     20.07      18.1 MSpaapp   0  0  0  0  0
     27.72     19.53      21.3 MSpapaa   0  0  0  0  0
     32.76     19.26      25.9 MSpapap   0  0  0  0  0
     33.48     19.26      28.1 MSpappa   0  0  0  0  0
     37.89     21.87      26.2 MSpappp   0  0  0  0  0
     20.97     12.42      14.2 MSppaaa   0  0  0  0  0
     25.38     12.33      14.0 MSppaap   0  0  0  0  0
     27.81     11.16      15.0 MSppapa   0  0  0  0  0
     31.77     12.06      16.1 MSppapp   0  0  0  0  0
     29.07     14.22      19.8 MSpppaa   0  0  0  0  0
     33.39     16.11      22.0 MSpppap   0  0  0  0  0
     32.76     11.88      20.3 MSppppa   0  0  0  0  0
     36.99     14.22      19.2 MSppppp   0  0  0  0  0
     26.28     23.04      10.1 Eala   0  0  0  0  0
     32.13     22.95      14.1 Ealp   0  0  0  0  0
     26.64     17.37      13.1 Eara   0  0  0  0  0
     32.94     15.03      12.1 Earp   0  0  0  0  0
     36.36      21.6      10.0 Epla   0  0  0  0  0
     43.38     21.69      11.0 Eplp   0  0  0  0  0
     37.89     16.11      12.2 Epra   0  0  0  0  0
     45.45     19.17      15.2 Eprp   0  0  0  0  0
     43.29     20.43       5.0 Caaaa   0  0  0  0  0
     49.59      21.6       8.2 Caaap   0  0  0  0  0
     49.68     26.64      11.0 Caapa   0  0  0  0  0
     50.13     25.02      17.3 Caapp   0  0  0  0  0
      41.4     27.63      24.2 Capaa   0  0  0  0  0
      45.0     25.02      26.2 Capap   0  0  0  0  0
     45.54     27.09      20.1 Cappa   0  0  0  0  0
     47.79     24.75      23.3 Cappp   0  0  0  0  0
     41.58     12.24       5.1 Cpaaa   0  0  0  0  0
     47.52     15.21       8.1 Cpaap   0  0  0  0  0
     50.31     17.46      15.3 Cpapa   0  0  0  0  0
     51.48     21.87      21.2 Cpapp   0  0  0  0  0
     42.93     16.56      25.1 Cppaa   0  0  0  0  0
     45.81     21.24      26.3 Cppap   0  0  0  0  0
     47.88      16.2      22.1 Cpppa   0  0  0  0  0
     47.25     21.24      22.1 Cpppp   0  0  0  0  0
     36.54     26.46      21.1 Daa   0  0  0  0  0
     38.61     26.55      15.1 Dap   0  0  0  0  0
     36.72     16.38      24.2 Dpa   0  0  0  0  0
     42.21     15.48      18.2 Dpp   0  0  0  0  0
     38.79     19.89      19.1  Z2   0  0  0  0  0
     34.38     21.42      20.1  Z3   0  0  0  0  0
 1  9  1  0  0  0  0
M END
$$$$