130619PHA4p2_033
kurekaoru/ZhaoLAB_HKBU/161117

 24  0  0  0  0  0  0  0  0  0  0 V2000
     13.77      21.6      24.1 ABalaa   0  0  0  0  0
     15.03     16.47      13.0 ABalap   0  0  0  0  0
     14.04     28.08      17.3 ABalpa   0  0  0  0  0
     21.96     29.88      10.1 ABalpp   0  0  0  0  0
      19.8     16.47      26.3 ABaraa   0  0  0  0  0
     26.46     11.61      25.0 ABarap   0  0  0  0  0
     24.12       9.9      12.1 ABarpa   0  0  0  0  0
      35.1      9.99      10.1 ABarpp   0  0  0  0  0
     20.34     19.17       8.5 ABplaa   0  0  0  0  0
     29.97      20.7       9.0 ABplap   0  0  0  0  0
     27.72     32.04      10.1 ABplpa   0  0  0  0  0
     36.54     30.15       9.1 ABplpp   0  0  0  0  0
      33.3      7.56      23.1 ABpraa   0  0  0  0  0
     42.84     10.71      18.2 ABprap   0  0  0  0  0
     39.42     16.74      28.1 ABprpa   0  0  0  0  0
     47.61     19.89      24.2 ABprpp   0  0  0  0  0
     22.77      27.9      22.1 MSa   0  0  0  0  0
     30.69     20.07      24.1 MSp   0  0  0  0  0
     34.47      30.6      22.1  Ea   0  0  0  0  0
     42.03     27.36      17.0  Ep   0  0  0  0  0
     37.26     19.26       9.1  Ca   0  0  0  0  0
     45.45     17.19      13.0  Cp   0  0  0  0  0
      49.5     25.47      14.2   D   0  0  0  0  0
     46.62     30.15      23.2  P4   0  0  0  0  0
 1  9  1  0  0  0  0
M END
$$$$