130619PHA4p2_013
kurekaoru/ZhaoLAB_HKBU/161117

  8  0  0  0  0  0  0  0  0  0  0 V2000
     13.77     26.19      14.4 ABal   0  0  0  0  0
     20.97     12.51      21.4 ABar   0  0  0  0  0
     29.25      22.5      11.2 ABpl   0  0  0  0  0
     37.26     14.22      26.5 ABpr   0  0  0  0  0
     27.27     31.23      25.5  MS   0  0  0  0  0
     40.95     30.24      19.2   E   0  0  0  0  0
     44.46     18.81      15.5   C   0  0  0  0  0
     46.35     26.91      18.4  P3   0  0  0  0  0
 1  9  1  0  0  0  0
M END
$$$$