130619PHA4p2_046
kurekaoru/ZhaoLAB_HKBU/161117

 35  0  0  0  0  0  0  0  0  0  0 V2000
     12.78     20.61      21.1 ABalaa   0  0  0  0  0
     16.29     17.55      10.3 ABalap   0  0  0  0  0
      13.5     26.46      11.4 ABalpaa   0  0  0  0  0
     16.74     30.24      17.4 ABalpap   0  0  0  0  0
     21.78     30.78      10.0 ABalppa   0  0  0  0  0
     24.66     33.03      15.2 ABalppp   0  0  0  0  0
     17.01      14.4      21.1 ABaraaa   0  0  0  0  0
     21.33     17.55      25.1 ABaraap   0  0  0  0  0
     24.75     10.17      20.1 ABarapa   0  0  0  0  0
     27.27     13.23      26.1 ABarapp   0  0  0  0  0
     25.11     13.14      10.2 ABarpa   0  0  0  0  0
     33.48     12.87      10.1 ABarpp   0  0  0  0  0
     22.14      21.6       8.9 ABplaa   0  0  0  0  0
     30.51     22.05       9.0 ABplap   0  0  0  0  0
     31.05     32.67      12.1 ABplpa   0  0  0  0  0
     37.26     29.43       9.8 ABplpp   0  0  0  0  0
     30.87      7.47      17.3 ABpraaa   0  0  0  0  0
     33.57     10.44      22.4 ABpraap   0  0  0  0  0
     39.87      7.74      13.3 ABprapa   0  0  0  0  0
      44.1     11.16      17.2 ABprapp   0  0  0  0  0
     39.78     13.14      25.9 ABprpa   0  0  0  0  0
     47.79     16.29      23.4 ABprppa   0  0  0  0  0
     47.25     19.89      26.0 ABprppp   0  0  0  0  0
      18.9     26.46      26.2 MSaa   0  0  0  0  0
     27.27     32.04      25.1 MSap   0  0  0  0  0
     25.65     21.06      26.0 MSpa   0  0  0  0  0
     34.65     17.37      28.3 MSpp   0  0  0  0  0
     30.51     23.67      20.1  Ea   0  0  0  0  0
     42.03     25.02      19.1  Ep   0  0  0  0  0
     38.34     19.53       9.8 Caa   0  0  0  0  0
     42.03     23.49      10.4 Cap   0  0  0  0  0
     46.08     14.94       9.7 Cpa   0  0  0  0  0
     50.58     25.56      16.8 Cpp   0  0  0  0  0
     45.63      31.5      21.3   D   0  0  0  0  0
     39.15     32.22      26.0  P4   0  0  0  0  0
 1  9  1  0  0  0  0
M END
$$$$