130619PHA4p2_015
kurekaoru/ZhaoLAB_HKBU/161117

  8  0  0  0  0  0  0  0  0  0  0 V2000
     13.59     27.63      16.4 ABal   0  0  0  0  0
     23.67     10.53      16.1 ABar   0  0  0  0  0
     29.07     29.43      11.1 ABpl   0  0  0  0  0
     38.07     12.24      25.2 ABpr   0  0  0  0  0
     26.64     26.28      27.4  MS   0  0  0  0  0
     41.13     30.24      22.3   E   0  0  0  0  0
     46.08     19.71      11.4   C   0  0  0  0  0
     47.88     28.89      22.4  P3   0  0  0  0  0
 1  9  1  0  0  0  0
M END
$$$$