130619PHA4p2_062
kurekaoru/ZhaoLAB_HKBU/161117

 53  0  0  0  0  0  0  0  0  0  0 V2000
     12.69      17.1      14.7 ABalaaa   0  0  0  0  0
     15.57     21.06      19.8 ABalaap   0  0  0  0  0
     17.28      13.5      10.8 ABalapa   0  0  0  0  0
      21.6     17.64      16.8 ABalapp   0  0  0  0  0
     14.31     22.95      10.9 ABalpaa   0  0  0  0  0
     17.37     28.17      18.7 ABalpap   0  0  0  0  0
     18.72     28.53       9.8 ABalppa   0  0  0  0  0
      24.3     30.15      15.9 ABalppp   0  0  0  0  0
     16.74     13.14      20.8 ABaraaa   0  0  0  0  0
     19.35     16.65      26.3 ABaraap   0  0  0  0  0
     23.76       9.9      23.8 ABarapa   0  0  0  0  0
     31.23     11.61      28.8 ABarapp   0  0  0  0  0
     23.49      10.8      11.9 ABarpaa   0  0  0  0  0
     28.62     13.32      19.0 ABarpap   0  0  0  0  0
     30.87      8.46       9.9 ABarppa   0  0  0  0  0
     37.17     12.96      16.1 ABarppp   0  0  0  0  0
     20.25     17.82       6.3 ABplaaa   0  0  0  0  0
     23.22     23.04       9.0 ABplaap   0  0  0  0  0
     27.45     17.37       8.3 ABplapa   0  0  0  0  0
     30.78     24.75       9.8 ABplapp   0  0  0  0  0
      26.1     31.77       8.0 ABplpaa   0  0  0  0  0
     30.78     33.48      17.8 ABplpap   0  0  0  0  0
     32.67     31.68       7.9 ABplppa   0  0  0  0  0
     37.26     33.39      14.0 ABplppp   0  0  0  0  0
     30.42       6.3      18.7 ABpraaa   0  0  0  0  0
      36.9      8.28      23.8 ABpraap   0  0  0  0  0
     40.32      7.65      14.0 ABprapa   0  0  0  0  0
     44.46     14.76      17.8 ABprapp   0  0  0  0  0
     43.02      9.09      24.9 ABprpaa   0  0  0  0  0
     43.38     15.39      27.8 ABprpap   0  0  0  0  0
     48.51     14.04      23.7 ABprppa   0  0  0  0  0
     48.69     20.61      24.9 ABprppp   0  0  0  0  0
     15.84     24.12      26.0 MSaaa   0  0  0  0  0
     23.22     24.48      28.5 MSaap   0  0  0  0  0
      21.6     30.69      24.8 MSapa   0  0  0  0  0
     30.42     30.78      27.6 MSapp   0  0  0  0  0
     24.66     17.28      26.8 MSpaa   0  0  0  0  0
     31.59     22.86      28.9 MSpap   0  0  0  0  0
     36.09     14.49      28.1 MSppa   0  0  0  0  0
     39.78     21.06      28.9 MSppp   0  0  0  0  0
     28.17     25.74      20.2 Eal   0  0  0  0  0
     32.94     19.17      20.1 Ear   0  0  0  0  0
     36.45     26.82      16.0 Epl   0  0  0  0  0
     40.32     23.31      22.1 Epr   0  0  0  0  0
     33.93     15.12       8.1 Caaa   0  0  0  0  0
     37.44      19.8       9.4 Caap   0  0  0  0  0
     40.68     27.27       8.1 Cap   0  0  0  0  0
     44.28     13.68       8.8 Cpaa   0  0  0  0  0
     45.63     19.53       9.9 Cpap   0  0  0  0  0
     49.14     24.57      15.0 Cpp   0  0  0  0  0
     43.29     31.86      18.7  Da   0  0  0  0  0
     45.99     27.27      26.8  Dp   0  0  0  0  0
     38.79     29.34      27.3  P4   0  0  0  0  0
 1  9  1  0  0  0  0
M END
$$$$