130619PHA4p2_027
kurekaoru/ZhaoLAB_HKBU/161117

 15  0  0  0  0  0  0  0  0  0  0 V2000
     14.13     17.91      18.3 ABala   0  0  0  0  0
     17.73     28.98      16.3 ABalp   0  0  0  0  0
     23.22     15.21      27.3 ABara   0  0  0  0  0
     29.43      9.54      15.8 ABarp   0  0  0  0  0
     22.32     18.27      10.8 ABpla   0  0  0  0  0
     30.06      31.5      10.2 ABplp   0  0  0  0  0
     39.51     10.08      24.4 ABpra   0  0  0  0  0
     44.19     19.89      26.6 ABprp   0  0  0  0  0
     25.11     27.09      25.3 MSa   0  0  0  0  0
     34.65     21.78      24.6 MSp   0  0  0  0  0
     35.55     32.76      23.0  Ea   0  0  0  0  0
     41.58     29.97      13.3  Ep   0  0  0  0  0
     36.63     17.28      11.0  Ca   0  0  0  0  0
     44.82     16.29      12.2  Cp   0  0  0  0  0
     47.25     26.37      15.0  P3   0  0  0  0  0
 1  9  1  0  0  0  0
M END
$$$$