130619PHA4p2_095
kurekaoru/ZhaoLAB_HKBU/161117

165  0  0  0  0  0  0  0  0  0  0 V2000
     12.87     22.68      14.2 ABalaaaal   0  0  0  0  0
     12.33     19.44      19.8 ABalaaaar   0  0  0  0  0
     12.42     18.18      14.9 ABalaaapa   0  0  0  0  0
     15.12     15.75      10.1 ABalaaapp   0  0  0  0  0
     14.67     15.21      16.3 ABalaapaa   0  0  0  0  0
     16.65     13.41      16.2 ABalaapap   0  0  0  0  0
     18.18     15.12      13.1 ABalaappa   0  0  0  0  0
     22.77     14.85      10.3 ABalaappp   0  0  0  0  0
     12.87     24.12      11.2 ABalapaaa   0  0  0  0  0
      15.3     27.72       7.9 ABalapaap   0  0  0  0  0
     16.83     26.46      10.1 ABalapapa   0  0  0  0  0
     21.96      24.3       8.9 ABalapapp   0  0  0  0  0
     16.56     20.97      10.2 ABalappa   0  0  0  0  0
     20.43      20.7      12.0 ABalapppa   0  0  0  0  0
     25.83     21.15      10.0 ABalapppp   0  0  0  0  0
      13.5     20.79      23.2 ABalpaaaa   0  0  0  0  0
     15.75     24.21      25.1 ABalpaaap   0  0  0  0  0
     14.94     24.12      19.0 ABalpaapa   0  0  0  0  0
     19.08      26.1      18.0 ABalpaapp   0  0  0  0  0
     14.13     27.27      23.1 ABalpapaa   0  0  0  0  0
     19.62      24.3      24.3 ABalpapap   0  0  0  0  0
     19.26     25.83      29.0 ABalpappa   0  0  0  0  0
     24.21     27.45      28.0 ABalpappp   0  0  0  0  0
     16.83     28.35      22.0 ABalppaaa   0  0  0  0  0
     20.25     30.33      24.3 ABalppaap   0  0  0  0  0
     16.83     31.14      18.3 ABalppapa   0  0  0  0  0
     23.67     31.86      22.9 ABalppapp   0  0  0  0  0
      14.4     28.44      14.0 ABalpppaa   0  0  0  0  0
     20.97     29.43      12.0 ABalpppap   0  0  0  0  0
     23.22     27.18      15.1 ABalppppa   0  0  0  0  0
     27.72     29.43      13.2 ABalppppp   0  0  0  0  0
     13.23     17.55      21.1 ABaraaaaa   0  0  0  0  0
     16.56     17.64      26.2 ABaraaaap   0  0  0  0  0
     16.38     14.58      23.0 ABaraaapa   0  0  0  0  0
     21.33      11.7      25.4 ABaraaapp   0  0  0  0  0
     17.28      20.7      26.5 ABaraapaa   0  0  0  0  0
      23.4     22.23      26.3 ABaraapap   0  0  0  0  0
     21.96     18.72      27.9 ABaraappa   0  0  0  0  0
     27.18     19.08      28.1 ABaraappp   0  0  0  0  0
     18.45     16.65      28.0 ABarapaaa   0  0  0  0  0
     24.48     14.22      28.0 ABarapaap   0  0  0  0  0
     24.66     10.53      25.9 ABarapapa   0  0  0  0  0
     28.98     13.05      28.0 ABarapapp   0  0  0  0  0
     22.23      9.36      21.9 ABarappaa   0  0  0  0  0
     28.26     11.79      22.0 ABarappap   0  0  0  0  0
     23.22     10.17      16.9 ABarapppa   0  0  0  0  0
     28.44     10.53      14.1 ABarapppp   0  0  0  0  0
     14.22     23.58       7.1 ABarpaaaa   0  0  0  0  0
     19.08     23.22       4.3 ABarpaaap   0  0  0  0  0
     21.96     21.15       4.1 ABarpaapa   0  0  0  0  0
     27.54     17.01       5.6 ABarpaapp   0  0  0  0  0
     16.92     16.74       6.0 ABarpapaa   0  0  0  0  0
     20.88      14.4       4.6 ABarpapap   0  0  0  0  0
     23.67     12.87       4.1 ABarpappa   0  0  0  0  0
     29.97     13.05       6.8 ABarpappp   0  0  0  0  0
     26.73     21.87       4.9 ABarppaaa   0  0  0  0  0
     31.95      21.6       5.0 ABarppaap   0  0  0  0  0
     32.85     26.19       7.0 ABarppapa   0  0  0  0  0
     38.07     26.64       7.1 ABarppapp   0  0  0  0  0
     30.96     15.48       4.9 ABarpppaa   0  0  0  0  0
     35.91     16.74       6.0 ABarpppap   0  0  0  0  0
      41.4     16.83       9.3 ABarpppp   0  0  0  0  0
     17.01      30.6       9.1 ABplaaaaa   0  0  0  0  0
     20.25      27.9       5.1 ABplaaaap   0  0  0  0  0
     22.95     26.82       5.0 ABplaaapa   0  0  0  0  0
     27.18     26.37       6.6 ABplaaapp   0  0  0  0  0
     20.52     33.03      10.3 ABplaapaa   0  0  0  0  0
     25.38     31.41       6.7 ABplaapap   0  0  0  0  0
     24.75     32.04      10.9 ABplaappa   0  0  0  0  0
     31.05     33.21      11.2 ABplaappp   0  0  0  0  0
     28.62     29.52       5.1 ABplapaaa   0  0  0  0  0
     33.21     30.33       4.9 ABplapaap   0  0  0  0  0
     36.09     32.13       7.2 ABplapapa   0  0  0  0  0
     42.48     30.33       8.1 ABplapapp   0  0  0  0  0
     34.47     34.74      13.4 ABplappaa   0  0  0  0  0
     40.05     33.39      11.2 ABplappap   0  0  0  0  0
     42.12     32.67      14.0 ABplapppa   0  0  0  0  0
     44.46     30.51      16.4 ABplapppp   0  0  0  0  0
     20.16     33.39      17.2 ABplpaaaa   0  0  0  0  0
     26.64      34.2      20.4 ABplpaaap   0  0  0  0  0
     23.22      34.2      14.1 ABplpaapa   0  0  0  0  0
     29.88     35.19      16.4 ABplpaapp   0  0  0  0  0
     26.19     31.95      26.1 ABplpapaa   0  0  0  0  0
     30.33     32.58      25.1 ABplpapap   0  0  0  0  0
      32.4     30.24      28.0 ABplpappa   0  0  0  0  0
     36.72     29.43      27.9 ABplpappp   0  0  0  0  0
     31.95     34.29      20.3 ABplppaa   0  0  0  0  0
     36.45     31.77      20.1 ABplppap   0  0  0  0  0
     38.34     35.19      18.1 ABplpppaa   0  0  0  0  0
     42.66     32.85      23.0 ABplpppap   0  0  0  0  0
     38.25     32.49      25.9 ABplppppa   0  0  0  0  0
     41.67     29.43      28.0 ABplppppp   0  0  0  0  0
     19.44     11.16      15.1 ABpraaaa   0  0  0  0  0
     18.27     12.06       8.0 ABpraaapa   0  0  0  0  0
     23.13     10.98       9.0 ABpraaapp   0  0  0  0  0
     24.93       7.2      12.0 ABpraapaa   0  0  0  0  0
     29.79      9.09       7.9 ABpraapap   0  0  0  0  0
     31.95      9.99      11.1 ABpraappa   0  0  0  0  0
     36.72      9.09      12.1 ABpraappp   0  0  0  0  0
     33.12     11.07       5.0 ABprapaaa   0  0  0  0  0
     37.71     10.98       5.3 ABprapaap   0  0  0  0  0
     39.87      9.36       7.1 ABprapapa   0  0  0  0  0
     44.64      9.45      10.0 ABprapapp   0  0  0  0  0
     41.13      7.11      14.1 ABprappaa   0  0  0  0  0
     45.63     10.53      14.3 ABprappap   0  0  0  0  0
     47.25     13.14      14.0 ABprapppa   0  0  0  0  0
     49.68     16.83      16.9 ABprapppp   0  0  0  0  0
     26.28      7.92      18.3 ABprpaaaa   0  0  0  0  0
     31.23      7.56      19.0 ABprpaaap   0  0  0  0  0
     29.61      6.57      13.0 ABprpaapa   0  0  0  0  0
     34.38      7.11      15.9 ABprpaapp   0  0  0  0  0
     30.51      8.28      24.9 ABprpapaa   0  0  0  0  0
     34.65     10.62      27.0 ABprpapap   0  0  0  0  0
     36.81      11.7      28.9 ABprpappa   0  0  0  0  0
     41.31     11.88      27.0 ABprpappp   0  0  0  0  0
     35.46       7.2      20.1 ABprppaa   0  0  0  0  0
     39.15      9.18      19.4 ABprppapa   0  0  0  0  0
     41.13      9.36      20.2 ABprppapp   0  0  0  0  0
     44.55      8.73      20.1 ABprpppaa   0  0  0  0  0
     48.24     13.32      20.1 ABprpppap   0  0  0  0  0
     44.55     11.61      23.9 ABprppppa   0  0  0  0  0
     47.34     14.67      27.0 ABprppppp   0  0  0  0  0
     18.09     20.07      20.0 MSaaaa   0  0  0  0  0
     23.22     21.69      20.1 MSaaap   0  0  0  0  0
     28.44     24.66      25.2 MSaapa   0  0  0  0  0
     33.21     24.12      26.3 MSaapp   0  0  0  0  0
     23.49     27.81      19.1 MSapaa   0  0  0  0  0
     28.26     28.08      19.1 MSapap   0  0  0  0  0
     32.31     26.28      20.9 MSappa   0  0  0  0  0
     33.75     29.34      15.2 MSappp   0  0  0  0  0
     22.32     15.21      18.1 MSpaaa   0  0  0  0  0
     27.45     17.91      22.1 MSpaap   0  0  0  0  0
     31.95     16.74      26.0 MSpapa   0  0  0  0  0
     37.71     18.18      27.1 MSpapp   0  0  0  0  0
     28.08      14.4      16.0 MSppaa   0  0  0  0  0
     31.95      13.5      18.3 MSppap   0  0  0  0  0
     35.37     15.39      20.2 MSpppa   0  0  0  0  0
     38.25      13.5      21.1 MSpppp   0  0  0  0  0
     27.18     23.04      15.1 Eala   0  0  0  0  0
     33.21     22.05      16.2 Ealp   0  0  0  0  0
     28.08     17.55      13.0 Eara   0  0  0  0  0
     35.37     14.31      13.2 Earp   0  0  0  0  0
     36.54     22.59      12.0 Epla   0  0  0  0  0
      41.4     25.56      14.1 Eplp   0  0  0  0  0
     39.51      15.3      16.1 Epra   0  0  0  0  0
     43.38     20.25      16.1 Eprp   0  0  0  0  0
     38.79     21.51       4.3 Caaaa   0  0  0  0  0
     44.91     24.93       7.2 Caaap   0  0  0  0  0
     46.71     28.53       7.0 Caapa   0  0  0  0  0
     48.15     27.81      13.8 Caapp   0  0  0  0  0
     46.08     28.53      25.3 Capa   0  0  0  0  0
     46.35     27.36      18.9 Capp   0  0  0  0  0
     43.29     12.87       5.7 Cpaaa   0  0  0  0  0
     47.16     18.72       7.0 Cpaap   0  0  0  0  0
      50.4     21.06       9.1 Cpapa   0  0  0  0  0
     51.21     25.47      16.0 Cpapp   0  0  0  0  0
     49.05     18.63      24.3 Cppa   0  0  0  0  0
     47.97     20.25      16.9 Cpppa   0  0  0  0  0
      50.4      23.4      21.9 Cpppp   0  0  0  0  0
     38.07     25.83      23.0 Daa   0  0  0  0  0
     42.21     25.02      25.1 Dap   0  0  0  0  0
     42.93     16.38      24.1 Dpa   0  0  0  0  0
      45.0     21.24      25.2 Dpp   0  0  0  0  0
     40.05      19.8      21.3  Z2   0  0  0  0  0
     34.65     22.23      22.2  Z3   0  0  0  0  0
 1  9  1  0  0  0  0
M END
$$$$