130619PHA4p2_037
kurekaoru/ZhaoLAB_HKBU/161117

 26  0  0  0  0  0  0  0  0  0  0 V2000
     12.69     21.15      22.1 ABalaa   0  0  0  0  0
     15.66     16.47      12.2 ABalap   0  0  0  0  0
     14.85     27.63      13.3 ABalpa   0  0  0  0  0
      22.5     31.23      10.0 ABalpp   0  0  0  0  0
     19.08     16.92      25.3 ABaraa   0  0  0  0  0
     27.45     11.07      24.2 ABarap   0  0  0  0  0
     23.67     10.62      13.1 ABarpa   0  0  0  0  0
     34.11      10.8      10.0 ABarpp   0  0  0  0  0
     19.98     20.07       7.9 ABplaa   0  0  0  0  0
     27.81     20.97       9.0 ABplap   0  0  0  0  0
     29.52     33.57      12.1 ABplpa   0  0  0  0  0
     36.72     31.23      10.1 ABplpp   0  0  0  0  0
     33.93      8.64      21.0 ABpraa   0  0  0  0  0
     42.39      9.81      16.1 ABprap   0  0  0  0  0
      41.4     14.22      27.1 ABprpa   0  0  0  0  0
     48.78     20.07      24.1 ABprpp   0  0  0  0  0
     19.44     27.99      24.3 MSaa   0  0  0  0  0
     25.56     29.07      23.2 MSap   0  0  0  0  0
     27.81      20.7      26.0 MSpa   0  0  0  0  0
     34.29     19.26      27.0 MSpp   0  0  0  0  0
     33.57      28.8      23.3  Ea   0  0  0  0  0
     41.85     26.91      20.1  Ep   0  0  0  0  0
     35.46     21.24      12.2  Ca   0  0  0  0  0
     45.81     17.82      13.0  Cp   0  0  0  0  0
     48.42     27.27      15.2   D   0  0  0  0  0
     45.36     30.96      24.7  P4   0  0  0  0  0
 1  9  1  0  0  0  0
M END
$$$$