130619PHA4p2_018
kurekaoru/ZhaoLAB_HKBU/161117

 12  0  0  0  0  0  0  0  0  0  0 V2000
     13.95     19.89      17.1 ABala   0  0  0  0  0
     16.47     24.66      22.3 ABalp   0  0  0  0  0
     26.82     13.32      21.8 ABara   0  0  0  0  0
      30.6     11.61      14.8 ABarp   0  0  0  0  0
     25.83     25.65      11.8 ABpla   0  0  0  0  0
     27.63     29.25      13.2 ABplp   0  0  0  0  0
     39.06     13.32      27.5 ABpra   0  0  0  0  0
     41.31     19.08      26.9 ABprp   0  0  0  0  0
      29.7     24.75      25.6  MS   0  0  0  0  0
     40.41     31.86      20.3   E   0  0  0  0  0
     43.11     21.51      11.2   C   0  0  0  0  0
      47.7      28.8      15.1  P3   0  0  0  0  0
 1  9  1  0  0  0  0
M END
$$$$