130619PHA4p2_092
kurekaoru/ZhaoLAB_HKBU/161117

143  0  0  0  0  0  0  0  0  0  0 V2000
     11.88     19.08      14.2 ABalaaaa   0  0  0  0  0
     14.13     15.93      12.1 ABalaaap   0  0  0  0  0
     16.29     11.61      14.1 ABalaapa   0  0  0  0  0
     20.79     13.95      12.2 ABalaapp   0  0  0  0  0
     13.86     23.13       9.9 ABalapaa   0  0  0  0  0
     17.19     22.68       9.2 ABalapapa   0  0  0  0  0
     21.15     22.32       8.1 ABalapapp   0  0  0  0  0
      17.1     18.18      10.2 ABalappa   0  0  0  0  0
     21.24     18.99      12.2 ABalapppa   0  0  0  0  0
     25.74     21.42      10.0 ABalapppp   0  0  0  0  0
     13.86     19.44      22.4 ABalpaaa   0  0  0  0  0
     12.87     22.32      17.1 ABalpaapa   0  0  0  0  0
     17.73     25.74      20.0 ABalpaapp   0  0  0  0  0
     12.87     23.85      23.3 ABalpapaa   0  0  0  0  0
     17.46     22.95      25.1 ABalpapap   0  0  0  0  0
     18.36     23.22      29.1 ABalpappa   0  0  0  0  0
      23.4      27.0      28.1 ABalpappp   0  0  0  0  0
     16.83     27.99      24.0 ABalppaa   0  0  0  0  0
     14.76     28.71      19.0 ABalppapa   0  0  0  0  0
     20.79     28.71      21.1 ABalppapp   0  0  0  0  0
     15.57     26.46      14.2 ABalpppaa   0  0  0  0  0
     19.98     27.63      13.1 ABalpppap   0  0  0  0  0
     22.68     26.73      15.1 ABalppppa   0  0  0  0  0
     27.45     27.09      15.1 ABalppppp   0  0  0  0  0
     14.31     15.66      21.2 ABaraaaa   0  0  0  0  0
     16.74      12.6      21.1 ABaraaapa   0  0  0  0  0
     22.05     10.08      25.0 ABaraaapp   0  0  0  0  0
      17.1     18.09      27.2 ABaraapaa   0  0  0  0  0
     22.77      21.6      28.0 ABaraapap   0  0  0  0  0
     22.05     17.73      26.1 ABaraappa   0  0  0  0  0
     28.26     17.01      28.0 ABaraappp   0  0  0  0  0
     18.27      14.4      27.0 ABarapaaa   0  0  0  0  0
     24.21     14.13      28.9 ABarapaap   0  0  0  0  0
     25.11     10.62      27.3 ABarapapa   0  0  0  0  0
     30.51      11.7      27.2 ABarapapp   0  0  0  0  0
     24.66      8.73      21.3 ABarappaa   0  0  0  0  0
     28.08      9.81      22.0 ABarappap   0  0  0  0  0
     25.02      8.37      16.0 ABarapppa   0  0  0  0  0
     30.15     11.52      14.9 ABarapppp   0  0  0  0  0
     15.93     17.73       5.2 ABarpaaa   0  0  0  0  0
     21.51     19.35       4.6 ABarpaapa   0  0  0  0  0
     27.27     17.37       5.9 ABarpaapp   0  0  0  0  0
     18.27     13.14       7.2 ABarpapaa   0  0  0  0  0
     22.77     14.04       5.0 ABarpapap   0  0  0  0  0
     24.93     11.88       6.0 ABarpappa   0  0  0  0  0
     30.24     12.51       6.9 ABarpappp   0  0  0  0  0
     29.16     22.41       6.1 ABarppaa   0  0  0  0  0
     34.56     24.75       7.0 ABarppap   0  0  0  0  0
      33.3     16.92       7.0 ABarpppa   0  0  0  0  0
     39.69     16.47       9.1 ABarpppp   0  0  0  0  0
      18.0     26.82       6.2 ABplaaaa   0  0  0  0  0
     21.96     25.65       6.1 ABplaaapa   0  0  0  0  0
     26.19     26.55       7.0 ABplaaapp   0  0  0  0  0
     19.44      31.5      10.1 ABplaapaa   0  0  0  0  0
     24.75     31.86       7.9 ABplaapap   0  0  0  0  0
      24.3      30.6      11.9 ABplaappa   0  0  0  0  0
     30.96     30.87      11.2 ABplaappp   0  0  0  0  0
     27.63     29.52       5.1 ABplapaaa   0  0  0  0  0
     31.77      30.6       6.0 ABplapaap   0  0  0  0  0
     34.65     30.33       6.6 ABplapapa   0  0  0  0  0
     40.59      28.8       7.3 ABplapapp   0  0  0  0  0
     34.02     33.39      13.0 ABplappaa   0  0  0  0  0
     39.24     31.68      12.2 ABplappap   0  0  0  0  0
     43.02     30.96      14.1 ABplappp   0  0  0  0  0
     19.08      31.5      18.0 ABplpaaaa   0  0  0  0  0
     23.76     31.95      19.2 ABplpaaap   0  0  0  0  0
     22.86     33.57      14.3 ABplpaapa   0  0  0  0  0
     27.45     32.94      17.1 ABplpaapp   0  0  0  0  0
     24.66     30.78      24.1 ABplpapaa   0  0  0  0  0
     29.25     31.77      25.0 ABplpapap   0  0  0  0  0
     31.41     29.61      27.3 ABplpappa   0  0  0  0  0
     36.27     29.52      27.3 ABplpappp   0  0  0  0  0
     30.78     33.84      20.2 ABplppaa   0  0  0  0  0
     35.37     32.76      21.0 ABplppap   0  0  0  0  0
     37.98     33.84      18.1 ABplpppaa   0  0  0  0  0
     42.03      32.4      20.1 ABplpppap   0  0  0  0  0
     38.79      31.5      24.2 ABplppppa   0  0  0  0  0
     42.75     29.43      25.3 ABplppppp   0  0  0  0  0
     20.52      8.46      16.2 ABpraaaa   0  0  0  0  0
     22.68      9.45       9.1 ABpraaap   0  0  0  0  0
     26.64      7.11       9.1 ABpraapaa   0  0  0  0  0
      30.6      8.91       8.2 ABpraapap   0  0  0  0  0
     32.94     10.26      11.1 ABpraappa   0  0  0  0  0
     37.71      8.73      13.0 ABpraappp   0  0  0  0  0
     34.83     10.53       5.2 ABprapaa   0  0  0  0  0
     39.42     10.17       6.9 ABprapapa   0  0  0  0  0
     44.37     10.26       8.0 ABprapapp   0  0  0  0  0
     41.85      6.93      13.1 ABprappaa   0  0  0  0  0
      45.9     10.44      13.2 ABprappap   0  0  0  0  0
     47.25     14.58      16.2 ABprappp   0  0  0  0  0
     29.79      6.57      17.0 ABprpaaa   0  0  0  0  0
     33.75      6.03      14.2 ABprpaap   0  0  0  0  0
     31.77      7.29      22.1 ABprpapaa   0  0  0  0  0
     35.01      8.37      23.2 ABprpapap   0  0  0  0  0
     37.08     10.53      28.0 ABprpappa   0  0  0  0  0
     41.58     10.98      27.9 ABprpappp   0  0  0  0  0
     37.35      5.67      19.0 ABprppaa   0  0  0  0  0
     39.69      8.37      20.2 ABprppap   0  0  0  0  0
     44.37      8.55      19.2 ABprpppaa   0  0  0  0  0
     47.52     12.06      20.3 ABprpppap   0  0  0  0  0
     44.82     10.98      25.3 ABprppppa   0  0  0  0  0
     48.42      14.4      25.3 ABprppppp   0  0  0  0  0
     18.54     18.72      19.2 MSaaaa   0  0  0  0  0
     22.77     20.25      21.2 MSaaap   0  0  0  0  0
     27.54      23.4      27.2 MSaapa   0  0  0  0  0
     33.57     23.49      28.1 MSaapp   0  0  0  0  0
     23.49     25.83      20.2 MSapaa   0  0  0  0  0
     28.08     25.92      21.2 MSapap   0  0  0  0  0
     31.95     25.38      22.1 MSappa   0  0  0  0  0
     33.48     28.71      18.1 MSappp   0  0  0  0  0
     22.59     13.95      19.0 MSpaaa   0  0  0  0  0
     29.25     16.92      23.1 MSpaap   0  0  0  0  0
     32.76     16.02      27.1 MSpapa   0  0  0  0  0
     38.07      17.1      27.2 MSpapp   0  0  0  0  0
     28.26     13.23      18.0 MSppaa   0  0  0  0  0
     33.48     12.87      19.2 MSppap   0  0  0  0  0
     36.81      14.4      21.0 MSpppa   0  0  0  0  0
      40.5     13.59      20.3 MSpppp   0  0  0  0  0
     26.46     21.96      17.0 Eala   0  0  0  0  0
     32.94     21.51      19.1 Ealp   0  0  0  0  0
     27.81     16.65      13.0 Eara   0  0  0  0  0
     35.73     14.85      14.1 Earp   0  0  0  0  0
     35.91     22.95      15.1 Epla   0  0  0  0  0
     41.22     25.47      15.1 Eplp   0  0  0  0  0
     39.96     16.29      16.1 Epra   0  0  0  0  0
     43.74     20.79      16.2 Eprp   0  0  0  0  0
     38.25     21.24       5.2 Caaaa   0  0  0  0  0
     43.92     24.03       7.0 Caaap   0  0  0  0  0
     47.43     26.73       8.2 Caap   0  0  0  0  0
     47.07     29.43      22.2 Capa   0  0  0  0  0
     46.44     27.18      16.1 Capp   0  0  0  0  0
     43.56     12.87       5.4 Cpaaa   0  0  0  0  0
     48.15     17.19       9.0 Cpaap   0  0  0  0  0
     50.22     19.89       8.1 Cpapa   0  0  0  0  0
     51.21     24.93      14.2 Cpapp   0  0  0  0  0
     49.68      18.0      23.2 Cppa   0  0  0  0  0
     48.78     21.33      19.0 Cppp   0  0  0  0  0
     38.52     25.47      26.0 Daa   0  0  0  0  0
     44.37     25.47      25.9 Dap   0  0  0  0  0
     43.02     16.11      27.1 Dpa   0  0  0  0  0
     46.89     21.51      26.2 Dpp   0  0  0  0  0
     40.59     20.25      23.2  Z2   0  0  0  0  0
     35.64     21.78      24.0  Z3   0  0  0  0  0
 1  9  1  0  0  0  0
M END
$$$$