130619PHA4p2_032
kurekaoru/ZhaoLAB_HKBU/161117

 24  0  0  0  0  0  0  0  0  0  0 V2000
     13.32     22.05      23.1 ABalaa   0  0  0  0  0
     14.94     16.65      13.1 ABalap   0  0  0  0  0
     14.85     28.17      17.1 ABalpa   0  0  0  0  0
     21.96     29.52      10.1 ABalpp   0  0  0  0  0
     21.15     17.01      28.0 ABaraa   0  0  0  0  0
     25.47     11.52      26.0 ABarap   0  0  0  0  0
     24.03     10.17      13.0 ABarpa   0  0  0  0  0
     34.29     10.26      11.0 ABarpp   0  0  0  0  0
     20.43      18.9       8.6 ABplaa   0  0  0  0  0
     29.34     19.62      10.1 ABplap   0  0  0  0  0
     28.53     31.32      11.0 ABplpa   0  0  0  0  0
     35.37     30.51      11.0 ABplpp   0  0  0  0  0
      34.2      8.01      23.0 ABpraa   0  0  0  0  0
     42.12     11.43      18.1 ABprap   0  0  0  0  0
     40.59      17.1      28.2 ABprpa   0  0  0  0  0
     46.89     20.43      24.1 ABprpp   0  0  0  0  0
     23.13     27.09      22.1 MSa   0  0  0  0  0
     31.14     20.25      24.0 MSp   0  0  0  0  0
     34.65     30.87      23.0  Ea   0  0  0  0  0
     41.49     28.98      17.2  Ep   0  0  0  0  0
     36.63     19.35      11.0  Ca   0  0  0  0  0
      45.0     17.37      13.1  Cp   0  0  0  0  0
     49.95     25.83      14.1   D   0  0  0  0  0
     46.17     30.15      24.1  P4   0  0  0  0  0
 1  9  1  0  0  0  0
M END
$$$$