130619PHA4p2_014
kurekaoru/ZhaoLAB_HKBU/161117

  8  0  0  0  0  0  0  0  0  0  0 V2000
     13.32     26.37      15.0 ABal   0  0  0  0  0
     22.86     12.42      21.5 ABar   0  0  0  0  0
     29.25     26.73      10.2 ABpl   0  0  0  0  0
     38.16     14.94      27.3 ABpr   0  0  0  0  0
     26.55     30.15      27.1  MS   0  0  0  0  0
     41.13     30.87      20.6   E   0  0  0  0  0
     45.09     18.54      14.2   C   0  0  0  0  0
     46.98     28.98      20.6  P3   0  0  0  0  0
 1  9  1  0  0  0  0
M END
$$$$