130619PHA4p2_093
kurekaoru/ZhaoLAB_HKBU/161117

151  0  0  0  0  0  0  0  0  0  0 V2000
     12.24      19.8      16.0 ABalaaaa   0  0  0  0  0
     12.15     15.93      13.3 ABalaaapa   0  0  0  0  0
     15.84     15.66      12.0 ABalaaapp   0  0  0  0  0
     15.93     11.97      15.3 ABalaapa   0  0  0  0  0
      18.9     14.22      14.2 ABalaappa   0  0  0  0  0
     22.95     14.85      10.3 ABalaappp   0  0  0  0  0
     12.24     21.69      11.2 ABalapaaa   0  0  0  0  0
     14.49      25.2       8.9 ABalapaap   0  0  0  0  0
     16.92     24.12      11.1 ABalapapa   0  0  0  0  0
     21.15     23.13       8.1 ABalapapp   0  0  0  0  0
     16.65     19.08       9.1 ABalappa   0  0  0  0  0
     21.06      19.8      12.1 ABalapppa   0  0  0  0  0
     25.83     21.15      10.1 ABalapppp   0  0  0  0  0
     13.68     20.79      23.0 ABalpaaa   0  0  0  0  0
     13.59     23.31      17.2 ABalpaapa   0  0  0  0  0
     18.54     25.83      18.1 ABalpaapp   0  0  0  0  0
     13.23     25.11      24.0 ABalpapaa   0  0  0  0  0
     17.91      23.4      24.3 ABalpapap   0  0  0  0  0
     18.81     23.85      28.2 ABalpappa   0  0  0  0  0
     23.49     27.63      28.0 ABalpappp   0  0  0  0  0
     17.46      27.9      23.0 ABalppaa   0  0  0  0  0
     15.12     29.52      18.1 ABalppapa   0  0  0  0  0
     21.51     29.79      21.4 ABalppapp   0  0  0  0  0
     15.12     27.63      13.2 ABalpppaa   0  0  0  0  0
     20.34     27.99      12.9 ABalpppap   0  0  0  0  0
     22.59     26.64      15.0 ABalppppa   0  0  0  0  0
     27.99     28.26      14.2 ABalppppp   0  0  0  0  0
     14.31     16.74      21.4 ABaraaaa   0  0  0  0  0
     16.65     13.05      22.1 ABaraaapa   0  0  0  0  0
      21.6     10.62      25.1 ABaraaapp   0  0  0  0  0
     17.73     18.72      26.4 ABaraapaa   0  0  0  0  0
     23.22     22.32      27.0 ABaraapap   0  0  0  0  0
      21.6      18.0      27.0 ABaraappa   0  0  0  0  0
     27.99     17.37      28.1 ABaraappp   0  0  0  0  0
     17.91      15.3      27.0 ABarapaaa   0  0  0  0  0
     24.66     14.49      27.2 ABarapaap   0  0  0  0  0
     24.93     10.44      26.4 ABarapapa   0  0  0  0  0
     30.15     11.79      27.1 ABarapapp   0  0  0  0  0
      23.4      9.09      21.3 ABarappaa   0  0  0  0  0
     28.35     10.62      21.1 ABarappap   0  0  0  0  0
     24.39      9.54      16.0 ABarapppa   0  0  0  0  0
     29.79     11.16      14.0 ABarapppp   0  0  0  0  0
     16.38     20.34       7.0 ABarpaaa   0  0  0  0  0
      21.6     19.98       4.4 ABarpaapa   0  0  0  0  0
     27.36     17.28       5.8 ABarpaapp   0  0  0  0  0
     17.73     13.77       7.1 ABarpapaa   0  0  0  0  0
     22.77     14.04       5.0 ABarpapap   0  0  0  0  0
     24.57     12.15       5.4 ABarpappa   0  0  0  0  0
     29.97      13.5       7.0 ABarpappp   0  0  0  0  0
     28.89     22.23       6.0 ABarppaa   0  0  0  0  0
     32.49      25.2       7.1 ABarppapa   0  0  0  0  0
     35.73     25.38       7.0 ABarppapp   0  0  0  0  0
     33.93     16.83       6.0 ABarpppa   0  0  0  0  0
      39.6     16.83       9.1 ABarpppp   0  0  0  0  0
     15.66      27.9       7.3 ABplaaaaa   0  0  0  0  0
     20.25     27.72       5.1 ABplaaaap   0  0  0  0  0
     22.14     26.19       7.0 ABplaaapa   0  0  0  0  0
     26.46     26.55       6.9 ABplaaapp   0  0  0  0  0
     19.35      31.5       9.9 ABplaapaa   0  0  0  0  0
     24.84     31.86       7.1 ABplaapap   0  0  0  0  0
     23.94     30.96      11.1 ABplaappa   0  0  0  0  0
     30.69     31.77      12.0 ABplaappp   0  0  0  0  0
      27.9     29.52       5.1 ABplapaaa   0  0  0  0  0
     32.76     30.33       5.1 ABplapaap   0  0  0  0  0
     35.46     31.23       7.0 ABplapapa   0  0  0  0  0
     41.58     29.61       7.2 ABplapapp   0  0  0  0  0
     34.29     33.93      13.1 ABplappaa   0  0  0  0  0
     39.15     32.13      12.9 ABplappap   0  0  0  0  0
     42.75     32.13      14.2 ABplappp   0  0  0  0  0
      18.9     32.31      17.1 ABplpaaaa   0  0  0  0  0
     24.03     33.03      19.1 ABplpaaap   0  0  0  0  0
     22.59     33.84      14.0 ABplpaapa   0  0  0  0  0
      27.9     34.38      16.9 ABplpaapp   0  0  0  0  0
     24.66     31.59      24.1 ABplpapaa   0  0  0  0  0
     29.34     32.13      24.9 ABplpapap   0  0  0  0  0
     30.78     29.79      27.2 ABplpappa   0  0  0  0  0
     35.91      29.7      27.2 ABplpappp   0  0  0  0  0
     30.78     34.38      19.3 ABplppaa   0  0  0  0  0
     35.82     32.31      19.9 ABplppap   0  0  0  0  0
     38.16     34.38      17.2 ABplpppaa   0  0  0  0  0
     42.39     32.85      20.2 ABplpppap   0  0  0  0  0
     38.34     32.49      24.2 ABplppppa   0  0  0  0  0
     42.57     29.88      26.2 ABplppppp   0  0  0  0  0
     20.52      9.36      16.0 ABpraaaa   0  0  0  0  0
     20.07     10.08      10.1 ABpraaapa   0  0  0  0  0
     24.93     10.26       8.8 ABpraaapp   0  0  0  0  0
     27.27      7.11      10.1 ABpraapaa   0  0  0  0  0
     30.96      8.82       7.1 ABpraapap   0  0  0  0  0
     32.85     10.17      11.1 ABpraappa   0  0  0  0  0
      37.8      8.91      13.2 ABpraappp   0  0  0  0  0
     34.56     10.62       5.1 ABprapaaa   0  0  0  0  0
     36.81     10.71       6.0 ABprapaap   0  0  0  0  0
     39.96      9.99       7.0 ABprapapa   0  0  0  0  0
     44.82     10.17       9.2 ABprapapp   0  0  0  0  0
     42.75       7.2      14.1 ABprappaa   0  0  0  0  0
     45.54     11.61      14.9 ABprappap   0  0  0  0  0
      47.7     15.48      16.1 ABprappp   0  0  0  0  0
     29.16      7.29      16.2 ABprpaaa   0  0  0  0  0
     32.31      6.03      12.1 ABprpaapa   0  0  0  0  0
     35.37      6.48      16.2 ABprpaapp   0  0  0  0  0
     31.32      7.65      22.3 ABprpapaa   0  0  0  0  0
     35.55      9.63      24.4 ABprpapap   0  0  0  0  0
     37.44     11.07      28.0 ABprpappa   0  0  0  0  0
     42.03     11.79      27.1 ABprpappp   0  0  0  0  0
     36.27      6.39      20.2 ABprppaa   0  0  0  0  0
     39.69       9.0      20.1 ABprppap   0  0  0  0  0
     44.55      9.18      20.1 ABprpppaa   0  0  0  0  0
     47.79     13.14      21.0 ABprpppap   0  0  0  0  0
     44.91     11.79      25.9 ABprppppa   0  0  0  0  0
     47.97     14.94      26.8 ABprppppp   0  0  0  0  0
     18.18     19.62      19.1 MSaaaa   0  0  0  0  0
     23.58     20.97      21.9 MSaaap   0  0  0  0  0
     27.54     23.67      27.1 MSaapa   0  0  0  0  0
     32.76     23.85      27.2 MSaapp   0  0  0  0  0
     23.22     26.64      20.1 MSapaa   0  0  0  0  0
     28.17     26.64      20.1 MSapap   0  0  0  0  0
     31.86     25.74      22.0 MSappa   0  0  0  0  0
      33.3      28.8      17.2 MSappp   0  0  0  0  0
      22.5     14.85      17.2 MSpaaa   0  0  0  0  0
     28.62     17.73      23.1 MSpaap   0  0  0  0  0
     32.67     16.29      26.2 MSpapa   0  0  0  0  0
     37.71     17.91      27.1 MSpapp   0  0  0  0  0
     28.17     14.13      17.1 MSppaa   0  0  0  0  0
     32.85     13.14      19.1 MSppap   0  0  0  0  0
     36.36     15.21      20.3 MSpppa   0  0  0  0  0
      39.6     14.22      20.2 MSpppp   0  0  0  0  0
     26.55     22.59      17.0 Eala   0  0  0  0  0
     33.03     21.87      18.1 Ealp   0  0  0  0  0
     27.54     17.28      13.1 Eara   0  0  0  0  0
     35.91     15.21      13.3 Earp   0  0  0  0  0
     36.09     23.04      12.1 Epla   0  0  0  0  0
     40.95     25.38      14.3 Eplp   0  0  0  0  0
     39.96     16.65      15.2 Epra   0  0  0  0  0
     43.65     21.51      16.1 Eprp   0  0  0  0  0
     38.43     21.33       4.9 Caaaa   0  0  0  0  0
     43.92     24.03       7.0 Caaap   0  0  0  0  0
     46.89     27.27       9.4 Caap   0  0  0  0  0
     47.07     29.43      23.2 Capa   0  0  0  0  0
     45.45      27.9      17.1 Capp   0  0  0  0  0
     43.47     12.87       5.5 Cpaaa   0  0  0  0  0
     47.88      18.0       8.0 Cpaap   0  0  0  0  0
     50.22     20.61       8.4 Cpapa   0  0  0  0  0
     51.21     25.65      14.9 Cpapp   0  0  0  0  0
     49.77     18.36      24.0 Cppa   0  0  0  0  0
     48.69     21.42      19.0 Cppp   0  0  0  0  0
     38.34     26.37      24.2 Daa   0  0  0  0  0
      43.2     25.65      25.1 Dap   0  0  0  0  0
     43.11     16.47      25.2 Dpa   0  0  0  0  0
     45.81     21.69      27.0 Dpp   0  0  0  0  0
     39.96      20.7      23.1  Z2   0  0  0  0  0
     35.37     22.32      23.2  Z3   0  0  0  0  0
 1  9  1  0  0  0  0
M END
$$$$