130619PHA4p2_016
kurekaoru/ZhaoLAB_HKBU/161117

  8  0  0  0  0  0  0  0  0  0  0 V2000
     13.95     22.23      19.1 ABal   0  0  0  0  0
     26.46     12.69      14.4 ABar   0  0  0  0  0
     27.63     30.33      12.1 ABpl   0  0  0  0  0
      39.6     11.79      23.0 ABpr   0  0  0  0  0
     26.82     22.05      27.5  MS   0  0  0  0  0
     40.05     29.43      23.6   E   0  0  0  0  0
     44.19      23.4      11.2   C   0  0  0  0  0
     47.97     27.63      23.4  P3   0  0  0  0  0
 1  9  1  0  0  0  0
M END
$$$$