130619PHA4p2_024
kurekaoru/ZhaoLAB_HKBU/161117

 15  0  0  0  0  0  0  0  0  0  0 V2000
     13.14     20.61      16.1 ABala   0  0  0  0  0
     18.45     29.79      15.2 ABalp   0  0  0  0  0
     19.62     15.84      27.1 ABara   0  0  0  0  0
     28.53      9.27      14.3 ABarp   0  0  0  0  0
     22.95     19.62      10.5 ABpla   0  0  0  0  0
     31.05     30.69      10.7 ABplp   0  0  0  0  0
     37.35      9.36      24.5 ABpra   0  0  0  0  0
     43.65     20.25      26.5 ABprp   0  0  0  0  0
      22.5     26.91      23.5 MSa   0  0  0  0  0
     33.03     22.05      25.1 MSp   0  0  0  0  0
     37.89     32.31      22.2  Ea   0  0  0  0  0
     44.46     27.72      16.3  Ep   0  0  0  0  0
     36.45     17.01      13.2  Ca   0  0  0  0  0
     41.22      16.2      13.5  Cp   0  0  0  0  0
     47.97     22.41      14.2  P3   0  0  0  0  0
 1  9  1  0  0  0  0
M END
$$$$