130619PHA4p2_043
kurekaoru/ZhaoLAB_HKBU/161117

 28  0  0  0  0  0  0  0  0  0  0 V2000
     13.14     20.52      22.0 ABalaa   0  0  0  0  0
     15.66     17.19      11.4 ABalap   0  0  0  0  0
     15.66     26.82      15.2 ABalpa   0  0  0  0  0
     22.86     30.33      11.3 ABalpp   0  0  0  0  0
      18.9     15.84      23.3 ABaraa   0  0  0  0  0
     26.46     11.97      22.9 ABarap   0  0  0  0  0
     23.76     10.26      13.0 ABarpa   0  0  0  0  0
     34.02      9.27       9.3 ABarpp   0  0  0  0  0
     21.42     21.06       8.6 ABplaa   0  0  0  0  0
     29.34     21.78       9.0 ABplap   0  0  0  0  0
     30.69     31.68      12.1 ABplpa   0  0  0  0  0
     37.08     30.42      10.0 ABplpp   0  0  0  0  0
     32.76      8.64      21.1 ABpraa   0  0  0  0  0
     41.67      8.28      16.9 ABprap   0  0  0  0  0
     40.86     12.69      27.0 ABprpa   0  0  0  0  0
     47.61     16.74      24.2 ABprpp   0  0  0  0  0
     19.89      26.1      26.3 MSaa   0  0  0  0  0
     26.91      30.6      24.9 MSap   0  0  0  0  0
     26.28     20.25      25.0 MSpa   0  0  0  0  0
     35.01     17.28      28.8 MSpp   0  0  0  0  0
     32.85     24.12      20.1  Ea   0  0  0  0  0
     42.03     24.57      19.1  Ep   0  0  0  0  0
     34.74     17.37      11.0 Caa   0  0  0  0  0
     42.21     22.86      10.8 Cap   0  0  0  0  0
     46.26     14.94       9.9 Cpa   0  0  0  0  0
     49.77     22.23      14.9 Cpp   0  0  0  0  0
     47.97     28.71      20.9   D   0  0  0  0  0
     41.85     31.14      25.1  P4   0  0  0  0  0
 1  9  1  0  0  0  0
M END
$$$$