130619PHA4p2_053
kurekaoru/ZhaoLAB_HKBU/161117

 48  0  0  0  0  0  0  0  0  0  0 V2000
     11.61     19.08      14.8 ABalaaa   0  0  0  0  0
     12.69      24.3      22.0 ABalaap   0  0  0  0  0
     15.12     15.66      10.8 ABalapa   0  0  0  0  0
     19.71     19.98      16.2 ABalapp   0  0  0  0  0
     14.49     24.75       9.4 ABalpaa   0  0  0  0  0
     18.36     31.32      16.2 ABalpap   0  0  0  0  0
     21.42     29.97       9.1 ABalppa   0  0  0  0  0
     27.63     33.84      17.8 ABalppp   0  0  0  0  0
     15.39      13.5      20.0 ABaraaa   0  0  0  0  0
     19.08     18.09      27.3 ABaraap   0  0  0  0  0
     21.78      9.63      22.0 ABarapa   0  0  0  0  0
     28.89     12.96      28.9 ABarapp   0  0  0  0  0
     21.33     10.08      10.2 ABarpaa   0  0  0  0  0
     27.18     13.68      18.7 ABarpap   0  0  0  0  0
     29.61     11.25       8.5 ABarppa   0  0  0  0  0
     35.73     11.34      13.0 ABarppp   0  0  0  0  0
     20.52     18.63       7.3 ABplaaa   0  0  0  0  0
     24.12     24.48      11.0 ABplaap   0  0  0  0  0
     26.28     17.64       8.4 ABplapa   0  0  0  0  0
     32.04     26.28       8.0 ABplapp   0  0  0  0  0
     28.26      32.4       9.2 ABplpaa   0  0  0  0  0
     35.37     32.49      20.0 ABplpap   0  0  0  0  0
     34.92     30.24       7.4 ABplppa   0  0  0  0  0
      40.5      33.3      15.2 ABplppp   0  0  0  0  0
     28.53      6.84      18.8 ABpraaa   0  0  0  0  0
     34.38     10.53      26.0 ABpraap   0  0  0  0  0
     37.62      6.57      14.7 ABprapa   0  0  0  0  0
     44.91       9.9      16.2 ABprapp   0  0  0  0  0
     40.95      8.55      26.0 ABprpaa   0  0  0  0  0
     43.47     15.66      27.1 ABprpap   0  0  0  0  0
     48.06     12.78      20.8 ABprppa   0  0  0  0  0
     48.42     19.62      25.1 ABprppp   0  0  0  0  0
     17.28     26.28      23.1 MSaaa   0  0  0  0  0
     20.97     26.19      25.1 MSaap   0  0  0  0  0
     26.28      29.7      24.1 MSap   0  0  0  0  0
      27.0     20.16      25.2 MSpa   0  0  0  0  0
     35.01     17.82      26.9 MSpp   0  0  0  0  0
     29.61     26.64      16.8 Eal   0  0  0  0  0
     32.31     16.92      16.1 Ear   0  0  0  0  0
     38.61     28.53      13.0 Epl   0  0  0  0  0
     41.31     19.26      22.0 Epr   0  0  0  0  0
     36.36     18.81       9.5 Caa   0  0  0  0  0
      41.4      25.2       9.4 Cap   0  0  0  0  0
     45.81     14.85       9.1 Cpa   0  0  0  0  0
     49.23     22.14      15.2 Cpp   0  0  0  0  0
     45.54     30.42      21.2  Da   0  0  0  0  0
     46.62     25.38      26.3  Dp   0  0  0  0  0
     39.24      27.0      27.0  P4   0  0  0  0  0
 1  9  1  0  0  0  0
M END
$$$$