130619PHA4p2_076
kurekaoru/ZhaoLAB_HKBU/161117

 95  0  0  0  0  0  0  0  0  0  0 V2000
     12.24     18.45      20.1 ABalaaaa   0  0  0  0  0
     14.58     17.37      15.1 ABalaaap   0  0  0  0  0
     17.28     19.89      17.2 ABalaapa   0  0  0  0  0
     22.41     20.16      17.2 ABalaapp   0  0  0  0  0
     14.49     13.77      11.1 ABalapaa   0  0  0  0  0
     18.99     13.59       7.0 ABalapap   0  0  0  0  0
     19.62     17.91      12.8 ABalappa   0  0  0  0  0
     25.65     19.35      12.2 ABalappp   0  0  0  0  0
     11.34     21.87      17.1 ABalpaaa   0  0  0  0  0
     13.77     24.66      13.2 ABalpaap   0  0  0  0  0
     13.23     27.27      20.0 ABalpapa   0  0  0  0  0
     18.99     29.52      20.1 ABalpapp   0  0  0  0  0
     14.04     27.99      10.1 ABalppaa   0  0  0  0  0
     18.27     29.97       9.3 ABalppap   0  0  0  0  0
     20.34     25.74      15.4 ABalpppa   0  0  0  0  0
      26.1     28.17      14.2 ABalpppp   0  0  0  0  0
     14.76     15.66      24.2 ABaraaaa   0  0  0  0  0
     18.45     15.57      21.0 ABaraaap   0  0  0  0  0
     18.09     17.91      28.2 ABaraapa   0  0  0  0  0
     24.84     19.08      28.8 ABaraapp   0  0  0  0  0
     20.16     11.34      23.9 ABarapaa   0  0  0  0  0
      26.1     12.78      27.3 ABarapap   0  0  0  0  0
      28.8      9.36      23.2 ABarappa   0  0  0  0  0
     32.85     11.34      26.3 ABarappp   0  0  0  0  0
     18.81     11.25      13.9 ABarpaaa   0  0  0  0  0
     23.94     12.33       8.0 ABarpaap   0  0  0  0  0
     24.48     12.42      14.1 ABarpapa   0  0  0  0  0
     30.33      11.7      14.0 ABarpapp   0  0  0  0  0
     28.17      8.64       7.0 ABarppaa   0  0  0  0  0
     31.32      15.3       6.1 ABarppap   0  0  0  0  0
     34.29     11.79      11.2 ABarpppa   0  0  0  0  0
     40.14     16.47      13.1 ABarpppp   0  0  0  0  0
     15.03     19.53       7.1 ABplaaaa   0  0  0  0  0
     21.42     19.17       6.0 ABplaaap   0  0  0  0  0
     18.18     24.12       6.1 ABplaapa   0  0  0  0  0
     24.57     26.28       7.1 ABplaapp   0  0  0  0  0
     25.65     18.18       5.1 ABplapaa   0  0  0  0  0
     30.69     22.95       7.0 ABplapap   0  0  0  0  0
     30.15     27.99       7.1 ABplappa   0  0  0  0  0
     35.82     28.53       7.1 ABplappp   0  0  0  0  0
     20.97     32.58      14.3 ABplpaaa   0  0  0  0  0
     24.57      31.5       8.2 ABplpaap   0  0  0  0  0
     25.38     33.93      16.3 ABplpapa   0  0  0  0  0
     31.41     33.57      15.2 ABplpapp   0  0  0  0  0
      27.9     33.39       8.0 ABplppaa   0  0  0  0  0
     33.66     32.58       7.1 ABplppap   0  0  0  0  0
     36.72     33.84      11.0 ABplpppa   0  0  0  0  0
     37.53     33.93      19.0 ABplpppp   0  0  0  0  0
     23.76      7.92      18.0 ABpraaaa   0  0  0  0  0
     30.15      6.84      14.2 ABpraaap   0  0  0  0  0
      32.4      6.66      20.9 ABpraapa   0  0  0  0  0
     37.62       9.0      15.2 ABpraapp   0  0  0  0  0
     33.75      7.65       7.9 ABprapaa   0  0  0  0  0
     40.23     10.08       8.1 ABprapap   0  0  0  0  0
      44.1     11.34      14.9 ABprappa   0  0  0  0  0
     46.35     17.19      16.1 ABprappp   0  0  0  0  0
     36.54      8.01      26.1 ABprpaaa   0  0  0  0  0
     41.49      7.47      17.1 ABprpaap   0  0  0  0  0
      41.4      9.72      25.2 ABprpapa   0  0  0  0  0
     45.63     13.59      26.1 ABprpapp   0  0  0  0  0
     44.82       9.0      20.2 ABprppaa   0  0  0  0  0
     48.51     13.59      18.3 ABprppap   0  0  0  0  0
     49.77     16.56      21.1 ABprpppa   0  0  0  0  0
     49.32      21.6      25.0 ABprpppp   0  0  0  0  0
     14.67     22.95      23.0 MSaaaa   0  0  0  0  0
     19.35     25.38      27.1 MSaaap   0  0  0  0  0
     23.94     24.21      27.0 MSaapa   0  0  0  0  0
      30.6     24.84      28.0 MSaapp   0  0  0  0  0
     25.74     29.25      23.2 MSapaa   0  0  0  0  0
     29.43      31.5      22.1 MSapap   0  0  0  0  0
     32.94     29.97      22.1 MSapp   0  0  0  0  0
      23.4     15.57      22.2 MSpaaa   0  0  0  0  0
     29.52      17.1      23.9 MSpaap   0  0  0  0  0
     32.22     18.63      27.2 MSpapa   0  0  0  0  0
     37.26     22.68      27.9 MSpapp   0  0  0  0  0
     36.27     12.96      25.2 MSppaa   0  0  0  0  0
     39.33     16.65      25.0 MSppap   0  0  0  0  0
     42.21      18.0      25.2 MSpppa   0  0  0  0  0
     44.46     22.32      27.0 MSpppp   0  0  0  0  0
     28.71     22.05      18.2 Eal   0  0  0  0  0
     33.66     16.47      19.0 Ear   0  0  0  0  0
     36.45     24.66      14.1 Epl   0  0  0  0  0
     42.93     23.67      18.0 Epr   0  0  0  0  0
     37.08     18.45       5.7 Caaa   0  0  0  0  0
     43.74      23.4       5.1 Caap   0  0  0  0  0
      40.5     29.61       6.1 Capa   0  0  0  0  0
     45.45     30.69      11.1 Capp   0  0  0  0  0
     44.73     15.03       7.0 Cpaa   0  0  0  0  0
     48.78     22.32       9.1 Cpap   0  0  0  0  0
     49.86     21.24      17.3 Cppa   0  0  0  0  0
     47.97      27.9      15.2 Cppp   0  0  0  0  0
     40.32     31.14      21.0  Da   0  0  0  0  0
     46.26     28.17      23.2  Dp   0  0  0  0  0
     42.93     25.92      27.1  Z2   0  0  0  0  0
     34.02     27.36      26.2  Z3   0  0  0  0  0
 1  9  1  0  0  0  0
M END
$$$$