130619PHA4p2_066
kurekaoru/ZhaoLAB_HKBU/161117

 72  0  0  0  0  0  0  0  0  0  0 V2000
     13.41     18.36      16.0 ABalaaa   0  0  0  0  0
     18.81     21.78      17.2 ABalaap   0  0  0  0  0
     17.28      14.4      11.1 ABalapa   0  0  0  0  0
     22.68     18.27      15.0 ABalapp   0  0  0  0  0
     12.06     21.96      11.1 ABalpaaa   0  0  0  0  0
     15.39     24.93       9.8 ABalpaap   0  0  0  0  0
     12.87     26.19      16.4 ABalpapa   0  0  0  0  0
     17.91     29.52      19.1 ABalpapp   0  0  0  0  0
     15.48     29.07       9.2 ABalppaa   0  0  0  0  0
     19.35     30.51       9.2 ABalppap   0  0  0  0  0
     21.24     29.07      16.0 ABalpppa   0  0  0  0  0
     26.01     30.24      18.2 ABalpppp   0  0  0  0  0
     14.76     15.66      22.3 ABaraaaa   0  0  0  0  0
     18.18     13.86      20.1 ABaraaap   0  0  0  0  0
     17.64     17.55      27.1 ABaraapa   0  0  0  0  0
     22.23     18.54      25.2 ABaraapp   0  0  0  0  0
     21.69      9.72      22.0 ABarapaa   0  0  0  0  0
     26.19     11.25      24.2 ABarapap   0  0  0  0  0
     30.51     11.52      26.1 ABarappa   0  0  0  0  0
     33.03     14.85      27.0 ABarappp   0  0  0  0  0
     20.97      9.45      13.0 ABarpaaa   0  0  0  0  0
     24.84     10.98       8.2 ABarpaap   0  0  0  0  0
     25.56      12.6      18.1 ABarpapa   0  0  0  0  0
     30.06     14.85      18.0 ABarpapp   0  0  0  0  0
     31.14     10.98       9.0 ABarppa   0  0  0  0  0
      36.0     14.76      14.0 ABarppp   0  0  0  0  0
     19.89     17.73       6.1 ABplaaa   0  0  0  0  0
     19.98     24.12       6.2 ABplaapa   0  0  0  0  0
      25.2     25.02       9.0 ABplaapp   0  0  0  0  0
     25.83     17.37       6.0 ABplapaa   0  0  0  0  0
     28.26     19.35       7.0 ABplapap   0  0  0  0  0
     29.88     26.55       6.1 ABplappa   0  0  0  0  0
     32.94     25.92       9.2 ABplappp   0  0  0  0  0
     25.02     32.22       9.3 ABplpaa   0  0  0  0  0
     27.81     34.11      16.3 ABplpapa   0  0  0  0  0
     32.22     33.84      17.1 ABplpapp   0  0  0  0  0
     31.59     32.85       8.1 ABplppa   0  0  0  0  0
     37.44     33.03      13.3 ABplppp   0  0  0  0  0
      30.6      7.83      18.1 ABpraaa   0  0  0  0  0
     36.54      7.38      23.3 ABpraapa   0  0  0  0  0
      37.8     11.34      20.3 ABpraapp   0  0  0  0  0
     36.99      6.75      12.4 ABprapaa   0  0  0  0  0
     40.68     10.08       9.3 ABprapap   0  0  0  0  0
     44.55     12.69      15.1 ABprappa   0  0  0  0  0
     45.27     17.73      14.2 ABprappp   0  0  0  0  0
     42.84      9.27      22.1 ABprpaa   0  0  0  0  0
     43.92     15.57      25.9 ABprpap   0  0  0  0  0
      48.6     14.85      20.1 ABprppa   0  0  0  0  0
     47.88     21.06      23.9 ABprppp   0  0  0  0  0
     15.12     24.39      25.0 MSaaa   0  0  0  0  0
     23.31     25.47      27.1 MSaap   0  0  0  0  0
     21.87     31.77      24.1 MSapa   0  0  0  0  0
      31.5      32.4      25.3 MSapp   0  0  0  0  0
     26.82     18.18      27.0 MSpaa   0  0  0  0  0
      32.4     23.76      28.1 MSpap   0  0  0  0  0
     38.07      15.3      27.0 MSppa   0  0  0  0  0
      41.4     22.14      28.2 MSppp   0  0  0  0  0
     28.08     24.48      19.2 Eal   0  0  0  0  0
     33.03     20.34      21.1 Ear   0  0  0  0  0
     36.45     26.28      15.1 Epl   0  0  0  0  0
     41.94     23.76      20.2 Epr   0  0  0  0  0
      35.1     17.64       6.0 Caaa   0  0  0  0  0
     41.13     22.59       8.9 Caap   0  0  0  0  0
     38.61     28.26       5.1 Capa   0  0  0  0  0
     43.65      28.8       9.2 Capp   0  0  0  0  0
     44.55     14.58       6.0 Cpaa   0  0  0  0  0
     47.79      23.4       8.9 Cpap   0  0  0  0  0
     50.67     21.69      15.0 Cppa   0  0  0  0  0
     48.87     28.71      16.0 Cppp   0  0  0  0  0
     42.57     32.58      19.2  Da   0  0  0  0  0
     45.18     28.98      25.2  Dp   0  0  0  0  0
     37.71     29.61      26.5  P4   0  0  0  0  0
 1  9  1  0  0  0  0
M END
$$$$