130619PHA4p2_061
kurekaoru/ZhaoLAB_HKBU/161117

 52  0  0  0  0  0  0  0  0  0  0 V2000
     12.87     17.73      13.2 ABalaaa   0  0  0  0  0
     14.94     21.06      19.9 ABalaap   0  0  0  0  0
     17.46     13.95      10.0 ABalapa   0  0  0  0  0
     21.42     17.64      16.7 ABalapp   0  0  0  0  0
     14.22     23.04      10.1 ABalpaa   0  0  0  0  0
     17.28     28.71      19.0 ABalpap   0  0  0  0  0
     18.18     28.71       9.8 ABalppa   0  0  0  0  0
      23.4     31.05      15.3 ABalppp   0  0  0  0  0
     16.47     13.05      19.9 ABaraaa   0  0  0  0  0
     18.99     16.65      27.8 ABaraap   0  0  0  0  0
     23.22      9.45      21.9 ABarapa   0  0  0  0  0
     30.51      10.8      27.9 ABarapp   0  0  0  0  0
     23.67     10.26      10.9 ABarpaa   0  0  0  0  0
     27.81     13.59      18.3 ABarpap   0  0  0  0  0
     31.05     10.26       8.9 ABarppa   0  0  0  0  0
      36.0     11.88      14.1 ABarppp   0  0  0  0  0
     20.25     17.91       6.4 ABplaaa   0  0  0  0  0
     23.31     23.31       8.2 ABplaap   0  0  0  0  0
     27.27     17.73       8.4 ABplapa   0  0  0  0  0
     30.24     25.83       9.9 ABplapp   0  0  0  0  0
      26.1     31.77       8.7 ABplpaa   0  0  0  0  0
     31.59     33.75      17.9 ABplpap   0  0  0  0  0
     32.67     32.04       7.9 ABplppa   0  0  0  0  0
     37.71     33.48      14.0 ABplppp   0  0  0  0  0
     30.51      6.48      16.7 ABpraaa   0  0  0  0  0
     36.09      8.01      22.8 ABpraap   0  0  0  0  0
     40.59      7.83      13.7 ABprapa   0  0  0  0  0
      45.0      13.5      17.2 ABprapp   0  0  0  0  0
     42.03      8.73      24.8 ABprpaa   0  0  0  0  0
     43.83     15.48      27.7 ABprpap   0  0  0  0  0
     48.51     14.49      23.7 ABprppa   0  0  0  0  0
     48.51      20.7      25.7 ABprppp   0  0  0  0  0
     15.57     24.12      25.8 MSaaa   0  0  0  0  0
     23.85      24.3      28.0 MSaap   0  0  0  0  0
     21.51     30.69      24.9 MSapa   0  0  0  0  0
     30.51     30.24      27.0 MSapp   0  0  0  0  0
     24.66     16.83      26.9 MSpaa   0  0  0  0  0
      31.5     22.23      28.2 MSpap   0  0  0  0  0
     35.73     14.04      28.8 MSppa   0  0  0  0  0
     39.24     21.15      28.8 MSppp   0  0  0  0  0
     28.17     26.55      20.1 Eal   0  0  0  0  0
     32.13     19.62      19.2 Ear   0  0  0  0  0
     36.45     27.18      15.0 Epl   0  0  0  0  0
     40.14     22.86      22.0 Epr   0  0  0  0  0
      35.1     18.18       9.3 Caa   0  0  0  0  0
     40.77      27.0       8.3 Cap   0  0  0  0  0
     43.92     13.32       9.6 Cpaa   0  0  0  0  0
     44.64     19.62      10.1 Cpap   0  0  0  0  0
     47.97      25.2      14.8 Cpp   0  0  0  0  0
     43.74     32.22      17.7  Da   0  0  0  0  0
     46.44     27.18      26.7  Dp   0  0  0  0  0
     39.42     28.71      27.1  P4   0  0  0  0  0
 1  9  1  0  0  0  0
M END
$$$$