130619PHA4p2_067
kurekaoru/ZhaoLAB_HKBU/161117

 81  0  0  0  0  0  0  0  0  0  0 V2000
     13.59     17.91      16.9 ABalaaa   0  0  0  0  0
     18.27     24.93      19.0 ABalaap   0  0  0  0  0
     14.94     14.49      11.1 ABalapaa   0  0  0  0  0
     18.63     14.31      10.1 ABalapap   0  0  0  0  0
     21.69     18.36      13.2 ABalappa   0  0  0  0  0
     25.11     18.81      15.1 ABalappp   0  0  0  0  0
     11.97     21.69      11.9 ABalpaaa   0  0  0  0  0
     14.94      25.2      10.1 ABalpaap   0  0  0  0  0
      12.6     25.92      17.9 ABalpapa   0  0  0  0  0
      18.0     29.34      20.0 ABalpapp   0  0  0  0  0
     14.94     29.34      10.1 ABalppaa   0  0  0  0  0
     19.35     30.87       9.9 ABalppap   0  0  0  0  0
     21.42     28.62      16.9 ABalpppa   0  0  0  0  0
      27.0     30.06      19.1 ABalpppp   0  0  0  0  0
     14.85     15.48      23.3 ABaraaaa   0  0  0  0  0
     19.26     14.04      20.2 ABaraaap   0  0  0  0  0
     18.18     16.65      27.0 ABaraapa   0  0  0  0  0
     22.86     18.18      26.1 ABaraapp   0  0  0  0  0
     21.78      9.27      22.1 ABarapaa   0  0  0  0  0
      26.1     11.07      24.1 ABarapap   0  0  0  0  0
     30.33     10.35      26.0 ABarappa   0  0  0  0  0
     33.57     13.77      27.2 ABarappp   0  0  0  0  0
      19.8      9.36      13.0 ABarpaaa   0  0  0  0  0
     24.21     11.79       7.1 ABarpaap   0  0  0  0  0
     25.02     12.15      17.3 ABarpapa   0  0  0  0  0
     30.33     14.13      16.8 ABarpapp   0  0  0  0  0
     29.07      9.54       7.2 ABarppaa   0  0  0  0  0
     32.76     12.69       7.1 ABarppap   0  0  0  0  0
     35.19     13.68      14.0 ABarpppa   0  0  0  0  0
     37.08     15.84      14.0 ABarpppp   0  0  0  0  0
      17.1     19.35       7.1 ABplaaaa   0  0  0  0  0
     21.33     19.17       6.1 ABplaaap   0  0  0  0  0
     18.99     24.84       6.9 ABplaapa   0  0  0  0  0
     24.75      25.2       9.0 ABplaapp   0  0  0  0  0
     25.56     17.55       5.1 ABplapaa   0  0  0  0  0
     29.79     20.25       8.9 ABplapap   0  0  0  0  0
     29.34     27.63       6.2 ABplappa   0  0  0  0  0
     34.47     27.18       9.2 ABplappp   0  0  0  0  0
     23.22     33.03      11.3 ABplpaaa   0  0  0  0  0
     27.81     31.95      11.0 ABplpaap   0  0  0  0  0
     28.44     34.11      17.2 ABplpapa   0  0  0  0  0
     33.66     33.48      19.1 ABplpapp   0  0  0  0  0
      32.4     32.67      10.9 ABplppa   0  0  0  0  0
     36.99     33.84      12.1 ABplpppa   0  0  0  0  0
     40.59     32.22      15.2 ABplpppp   0  0  0  0  0
     30.15      8.01      16.2 ABpraaa   0  0  0  0  0
     35.01      7.47      22.9 ABpraapa   0  0  0  0  0
     37.17     11.43      19.9 ABpraapp   0  0  0  0  0
     35.19      6.84      10.9 ABprapaa   0  0  0  0  0
     40.14      9.27       7.3 ABprapap   0  0  0  0  0
     44.55     11.97      13.2 ABprappa   0  0  0  0  0
     45.72     17.82      14.2 ABprappp   0  0  0  0  0
     41.22      8.28      22.0 ABprpaa   0  0  0  0  0
     43.38     12.69      25.4 ABprpapa   0  0  0  0  0
     43.74     16.74      26.3 ABprpapp   0  0  0  0  0
     47.43      13.5      19.9 ABprppa   0  0  0  0  0
     48.51     18.09      24.2 ABprpppa   0  0  0  0  0
     48.96     22.41      24.0 ABprpppp   0  0  0  0  0
     16.02     23.76      25.2 MSaaa   0  0  0  0  0
     23.67     25.02      28.1 MSaap   0  0  0  0  0
     22.68     31.95      24.1 MSapa   0  0  0  0  0
      31.5     31.68      26.2 MSapp   0  0  0  0  0
      27.0     17.46      26.1 MSpaa   0  0  0  0  0
      32.4     23.13      28.1 MSpap   0  0  0  0  0
     37.89     14.31      26.2 MSppa   0  0  0  0  0
     40.77     21.33      27.2 MSppp   0  0  0  0  0
      27.9     24.12      20.0 Eal   0  0  0  0  0
     32.67     20.07      21.1 Ear   0  0  0  0  0
     37.26     26.01      16.0 Epl   0  0  0  0  0
     42.93     22.86      20.0 Epr   0  0  0  0  0
      35.1     19.17       5.2 Caaa   0  0  0  0  0
     41.94     23.31       7.1 Caap   0  0  0  0  0
     39.51     29.16       5.9 Capa   0  0  0  0  0
     45.36      29.7      10.0 Capp   0  0  0  0  0
     44.55     14.58       5.3 Cpaa   0  0  0  0  0
     48.51     23.76       8.1 Cpap   0  0  0  0  0
     50.94     20.43      16.0 Cppa   0  0  0  0  0
     49.14     28.44      16.4 Cppp   0  0  0  0  0
     43.56     31.05      20.3  Da   0  0  0  0  0
     45.45      27.9      25.3  Dp   0  0  0  0  0
     37.89     28.53      26.1  P4   0  0  0  0  0
 1  9  1  0  0  0  0
M END
$$$$