130619PHA4p2_038
kurekaoru/ZhaoLAB_HKBU/161117

 26  0  0  0  0  0  0  0  0  0  0 V2000
     12.78      21.6      21.9 ABalaa   0  0  0  0  0
     15.93      16.2      13.0 ABalap   0  0  0  0  0
      15.3     28.17      14.2 ABalpa   0  0  0  0  0
     22.95     31.14      10.0 ABalpp   0  0  0  0  0
     18.72     17.64      25.3 ABaraa   0  0  0  0  0
     25.92     11.97      23.8 ABarap   0  0  0  0  0
     23.58     10.71      13.2 ABarpa   0  0  0  0  0
      34.2     11.16       9.2 ABarpp   0  0  0  0  0
     20.16     20.16       8.0 ABplaa   0  0  0  0  0
     27.45     21.42       8.9 ABplap   0  0  0  0  0
      29.7     33.66      11.2 ABplpa   0  0  0  0  0
      37.8     31.59      10.1 ABplpp   0  0  0  0  0
     33.21      8.91      21.1 ABpraa   0  0  0  0  0
     41.85      9.63      17.3 ABprap   0  0  0  0  0
     41.31     14.58      28.0 ABprpa   0  0  0  0  0
     48.69     20.61      24.3 ABprpp   0  0  0  0  0
     19.44     28.44      25.9 MSaa   0  0  0  0  0
     25.56     31.23      25.9 MSap   0  0  0  0  0
     26.91     21.51      25.0 MSpa   0  0  0  0  0
     34.56     19.17      28.8 MSpp   0  0  0  0  0
      33.3     29.25      23.1  Ea   0  0  0  0  0
      41.4     26.91      21.1  Ep   0  0  0  0  0
     35.64     21.06      13.0  Ca   0  0  0  0  0
      45.9     17.82      13.1  Cp   0  0  0  0  0
     48.51     27.09      14.3   D   0  0  0  0  0
     45.36     31.59      22.9  P4   0  0  0  0  0
 1  9  1  0  0  0  0
M END
$$$$