130619PHA4p2_031
kurekaoru/ZhaoLAB_HKBU/161117

 24  0  0  0  0  0  0  0  0  0  0 V2000
     12.96     21.24      22.1 ABalaa   0  0  0  0  0
     15.21     16.65      15.0 ABalap   0  0  0  0  0
     15.66     28.53      17.2 ABalpa   0  0  0  0  0
      20.7     29.25      12.0 ABalpp   0  0  0  0  0
     21.06     17.46      26.2 ABaraa   0  0  0  0  0
     25.74     13.23      25.1 ABarap   0  0  0  0  0
     25.11     11.07      13.1 ABarpa   0  0  0  0  0
      33.3     10.89      12.0 ABarpp   0  0  0  0  0
     20.52     18.72       8.7 ABplaa   0  0  0  0  0
     28.35     20.34      10.1 ABplap   0  0  0  0  0
     28.44     31.95      12.1 ABplpa   0  0  0  0  0
     34.38     30.51      11.1 ABplpp   0  0  0  0  0
      35.1      9.36      23.0 ABpraa   0  0  0  0  0
     41.22     11.16      19.0 ABprap   0  0  0  0  0
     41.04     17.82      28.1 ABprpa   0  0  0  0  0
     46.35     20.25      24.1 ABprpp   0  0  0  0  0
     23.22     27.72      22.1 MSa   0  0  0  0  0
     31.59     20.88      24.0 MSp   0  0  0  0  0
     34.29     30.51      23.1  Ea   0  0  0  0  0
     42.03     30.15      17.1  Ep   0  0  0  0  0
     37.35     20.25      10.1  Ca   0  0  0  0  0
     45.09     17.46      12.0  Cp   0  0  0  0  0
     49.68     25.29      14.0   D   0  0  0  0  0
     46.71     29.88      23.2  P4   0  0  0  0  0
 1  9  1  0  0  0  0
M END
$$$$