130619PHA4p2_087
kurekaoru/ZhaoLAB_HKBU/161117

107  0  0  0  0  0  0  0  0  0  0 V2000
     13.05     17.55      13.0 ABalaaaa   0  0  0  0  0
     14.67     15.57       9.3 ABalaaap   0  0  0  0  0
     18.18     13.14      13.1 ABalaapa   0  0  0  0  0
      22.5     13.05      13.1 ABalaapp   0  0  0  0  0
     15.12      22.5       7.0 ABalapaa   0  0  0  0  0
     19.89     21.78       7.1 ABalapap   0  0  0  0  0
     20.25     19.89      11.9 ABalappa   0  0  0  0  0
     25.11      21.6      12.1 ABalappp   0  0  0  0  0
     11.61     19.08      18.2 ABalpaaa   0  0  0  0  0
     14.94     24.21      15.0 ABalpaap   0  0  0  0  0
     12.51     22.32      22.1 ABalpapa   0  0  0  0  0
     14.94     24.57      25.1 ABalpappa   0  0  0  0  0
     20.16     26.73      26.1 ABalpappp   0  0  0  0  0
     14.85     28.98      21.0 ABalppaa   0  0  0  0  0
      18.9     29.25      17.3 ABalppap   0  0  0  0  0
      18.9     27.36      11.9 ABalpppa   0  0  0  0  0
     23.31     27.45      16.1 ABalpppp   0  0  0  0  0
     14.04     14.31      20.0 ABaraaaa   0  0  0  0  0
     18.36     11.88      21.0 ABaraaap   0  0  0  0  0
     17.64     18.63      27.2 ABaraapa   0  0  0  0  0
      24.3     17.82      27.1 ABaraapp   0  0  0  0  0
     20.79     13.95      27.1 ABarapaa   0  0  0  0  0
     25.56     11.88      26.0 ABarapapa   0  0  0  0  0
     28.44     12.51      27.0 ABarapapp   0  0  0  0  0
     24.84      8.19      21.8 ABarappa   0  0  0  0  0
     28.89      9.36      16.4 ABarappp   0  0  0  0  0
     17.82     15.12       5.2 ABarpaaa   0  0  0  0  0
      24.3     17.37       6.1 ABarpaap   0  0  0  0  0
     22.59     11.79       6.1 ABarpapa   0  0  0  0  0
     29.34     11.43       9.1 ABarpapp   0  0  0  0  0
     30.78     18.72       5.9 ABarppaa   0  0  0  0  0
      32.4     24.66       8.1 ABarppap   0  0  0  0  0
     33.57     14.04       7.1 ABarpppa   0  0  0  0  0
     40.41     16.11       9.1 ABarpppp   0  0  0  0  0
     19.53     26.91       6.0 ABplaaaa   0  0  0  0  0
     25.02      25.2       6.0 ABplaaap   0  0  0  0  0
     22.77     30.24       8.9 ABplaapa   0  0  0  0  0
     28.35     30.33      12.2 ABplaapp   0  0  0  0  0
      28.8     30.24       5.0 ABplapaa   0  0  0  0  0
     35.01     29.43       6.0 ABplapap   0  0  0  0  0
     34.02     33.57      12.1 ABplappa   0  0  0  0  0
     40.14     31.32      10.9 ABplappp   0  0  0  0  0
     21.33     32.04      21.8 ABplpaaa   0  0  0  0  0
     24.66     33.57      16.9 ABplpaap   0  0  0  0  0
     25.38     31.95      24.8 ABplpapa   0  0  0  0  0
     30.69      31.5      24.1 ABplpapp   0  0  0  0  0
     29.43     34.38      18.8 ABplppaa   0  0  0  0  0
     34.56     32.94      20.0 ABplppap   0  0  0  0  0
     37.62     34.29      16.4 ABplpppa   0  0  0  0  0
     39.51     32.04      23.2 ABplpppp   0  0  0  0  0
     21.78      8.37      12.9 ABpraaaa   0  0  0  0  0
     26.19      7.83      10.2 ABpraaap   0  0  0  0  0
     30.78      6.75      11.8 ABpraapa   0  0  0  0  0
     35.55      8.37      14.3 ABpraapp   0  0  0  0  0
     34.83      9.27       5.0 ABprapaa   0  0  0  0  0
     40.77      9.81       9.9 ABprapap   0  0  0  0  0
     42.84       9.0      14.1 ABprappa   0  0  0  0  0
     47.52      15.3      15.8 ABprappp   0  0  0  0  0
      31.5      6.48      20.9 ABprpaaa   0  0  0  0  0
     36.81      6.21      19.1 ABprpaap   0  0  0  0  0
     35.37      8.64      26.4 ABprpapa   0  0  0  0  0
     40.59     11.07      26.1 ABprpapp   0  0  0  0  0
     40.86      6.93      21.0 ABprppaa   0  0  0  0  0
     43.56      9.54      21.0 ABprppap   0  0  0  0  0
     47.61     11.07      18.0 ABprpppa   0  0  0  0  0
     47.34     14.13      24.1 ABprpppp   0  0  0  0  0
     15.75     18.27      20.0 MSaaaa   0  0  0  0  0
     20.16     21.24      22.1 MSaaap   0  0  0  0  0
     24.12     23.94      27.3 MSaapa   0  0  0  0  0
     31.32     23.49      28.8 MSaapp   0  0  0  0  0
     23.04     23.85      21.9 MSapaa   0  0  0  0  0
     28.08     25.83      22.1 MSapap   0  0  0  0  0
      31.5     26.19      21.2 MSappa   0  0  0  0  0
      35.1     28.17      20.1 MSappp   0  0  0  0  0
     23.31     13.86      19.1 MSpaaa   0  0  0  0  0
      28.8     17.55      24.8 MSpaap   0  0  0  0  0
     32.31     15.66      28.7 MSpapa   0  0  0  0  0
     37.44     19.35      28.1 MSpapp   0  0  0  0  0
     30.78      13.5      22.0 MSppaa   0  0  0  0  0
     35.19     13.59      21.1 MSppap   0  0  0  0  0
      38.7     15.93      22.1 MSpppa   0  0  0  0  0
     42.75     15.75      21.1 MSpppp   0  0  0  0  0
     25.11     21.06      17.1 Eala   0  0  0  0  0
     33.57     21.06      22.0 Ealp   0  0  0  0  0
     28.08     16.11      15.2 Eara   0  0  0  0  0
     36.27     16.02      15.9 Earp   0  0  0  0  0
     34.65     24.21      14.1 Epla   0  0  0  0  0
     41.31     26.46      16.2 Eplp   0  0  0  0  0
     40.59      18.0      16.2 Epra   0  0  0  0  0
     45.99     22.68      16.0 Eprp   0  0  0  0  0
     37.26     20.88       6.7 Caaaa   0  0  0  0  0
      42.3     23.49       8.0 Caaap   0  0  0  0  0
     46.35     27.81       7.0 Caap   0  0  0  0  0
     43.83     32.49      17.1 Capa   0  0  0  0  0
     46.26      28.8      16.1 Capp   0  0  0  0  0
     43.74     13.68       6.9 Cpaaa   0  0  0  0  0
     48.42     17.01       8.9 Cpaap   0  0  0  0  0
     49.14     21.78       7.8 Cpapa   0  0  0  0  0
     49.59     26.37      14.2 Cpapp   0  0  0  0  0
     50.13     18.36      22.9 Cppa   0  0  0  0  0
     49.95     23.94      19.3 Cppp   0  0  0  0  0
     37.26     28.17      27.1 Daa   0  0  0  0  0
     44.73     28.17      25.1 Dap   0  0  0  0  0
     44.01     18.09      28.1 Dpa   0  0  0  0  0
     48.51     23.85      26.0 Dpp   0  0  0  0  0
      41.4     21.33      25.0  Z2   0  0  0  0  0
     36.36      23.4      25.1  Z3   0  0  0  0  0
 1  9  1  0  0  0  0
M END
$$$$