130619PHA4p2_025
kurekaoru/ZhaoLAB_HKBU/161117

 15  0  0  0  0  0  0  0  0  0  0 V2000
     12.78     18.27      17.2 ABala   0  0  0  0  0
      18.0      28.8      14.2 ABalp   0  0  0  0  0
     21.96     15.39      27.2 ABara   0  0  0  0  0
     29.79      9.54      16.3 ABarp   0  0  0  0  0
     22.77     19.17      10.6 ABpla   0  0  0  0  0
     30.78     30.96      10.5 ABplp   0  0  0  0  0
     38.34      9.63      24.7 ABpra   0  0  0  0  0
     44.55     20.97      26.6 ABprp   0  0  0  0  0
     21.69     27.09      23.6 MSa   0  0  0  0  0
     34.56     22.32      25.2 MSp   0  0  0  0  0
     35.55     32.94      21.6  Ea   0  0  0  0  0
     43.74     28.26      14.4  Ep   0  0  0  0  0
     36.54     17.01      11.6  Ca   0  0  0  0  0
     43.02     16.92      13.5  Cp   0  0  0  0  0
     47.88     23.94      15.1  P3   0  0  0  0  0
 1  9  1  0  0  0  0
M END
$$$$