130619PHA4p2_063
kurekaoru/ZhaoLAB_HKBU/161117

 54  0  0  0  0  0  0  0  0  0  0 V2000
     12.33      18.0      14.8 ABalaaa   0  0  0  0  0
     16.47     21.69      18.2 ABalaap   0  0  0  0  0
     17.73     13.95      11.3 ABalapa   0  0  0  0  0
     22.41     17.55      16.8 ABalapp   0  0  0  0  0
     14.76     22.86      10.7 ABalpaa   0  0  0  0  0
     17.28     28.71      17.9 ABalpap   0  0  0  0  0
     19.35     28.98       8.9 ABalppa   0  0  0  0  0
     24.21     29.88      15.7 ABalppp   0  0  0  0  0
     17.01     13.86      20.9 ABaraaa   0  0  0  0  0
     18.99     17.37      26.1 ABaraap   0  0  0  0  0
     23.58      10.8      24.0 ABarapa   0  0  0  0  0
     31.32     13.23      27.2 ABarapp   0  0  0  0  0
     23.31     11.43      12.8 ABarpaa   0  0  0  0  0
     28.71     13.59      19.0 ABarpap   0  0  0  0  0
     30.87      8.82       9.2 ABarppa   0  0  0  0  0
     36.54     14.13      15.9 ABarppp   0  0  0  0  0
     20.25     17.73       6.2 ABplaaa   0  0  0  0  0
     23.49     23.13       8.1 ABplaap   0  0  0  0  0
     27.63      17.1       8.1 ABplapa   0  0  0  0  0
     31.68     24.93       8.9 ABplapp   0  0  0  0  0
     26.55     31.86       8.0 ABplpaa   0  0  0  0  0
     30.87     33.66      16.7 ABplpap   0  0  0  0  0
     33.12     32.31       7.9 ABplppa   0  0  0  0  0
     37.26     33.66      13.9 ABplppp   0  0  0  0  0
     30.06      7.02      19.8 ABpraaa   0  0  0  0  0
     36.63      8.73      23.2 ABpraap   0  0  0  0  0
     39.51       8.1      15.0 ABprapa   0  0  0  0  0
     44.46     15.21      17.7 ABprapp   0  0  0  0  0
     43.29      9.63      24.2 ABprpaa   0  0  0  0  0
     43.11     15.93      27.7 ABprpap   0  0  0  0  0
     48.87     14.49      22.8 ABprppa   0  0  0  0  0
     48.69     20.97      24.3 ABprppp   0  0  0  0  0
     15.66     25.11      25.3 MSaaa   0  0  0  0  0
      23.4     25.38      28.0 MSaap   0  0  0  0  0
      21.6     31.14      24.7 MSapa   0  0  0  0  0
     30.33     32.31      26.7 MSapp   0  0  0  0  0
     24.75     18.27      26.2 MSpaa   0  0  0  0  0
     31.68     24.12      28.9 MSpap   0  0  0  0  0
     36.09     15.93      27.9 MSppa   0  0  0  0  0
     40.14     22.05      28.8 MSppp   0  0  0  0  0
     28.17      26.1      20.2 Eal   0  0  0  0  0
     32.67     20.16      20.0 Ear   0  0  0  0  0
     36.81     26.64      16.0 Epl   0  0  0  0  0
      41.4     23.76      21.2 Epr   0  0  0  0  0
     34.47     15.12       8.7 Caaa   0  0  0  0  0
     38.16     20.52      10.1 Caap   0  0  0  0  0
     40.59     27.54       8.0 Cap   0  0  0  0  0
     44.19     13.59       7.8 Cpaa   0  0  0  0  0
     45.99     19.62       9.7 Cpap   0  0  0  0  0
     50.31     22.05      14.1 Cppa   0  0  0  0  0
     48.15     26.64      15.1 Cppp   0  0  0  0  0
     43.74     32.22      18.6  Da   0  0  0  0  0
     45.99     27.63      25.9  Dp   0  0  0  0  0
     38.61     29.88      27.3  P4   0  0  0  0  0
 1  9  1  0  0  0  0
M END
$$$$