130619PHA4p2_071
kurekaoru/ZhaoLAB_HKBU/161117

 88  0  0  0  0  0  0  0  0  0  0 V2000
     11.61     22.05      20.1 ABalaaaa   0  0  0  0  0
     14.58     17.19      14.1 ABalaaap   0  0  0  0  0
      16.2      20.7      18.1 ABalaapa   0  0  0  0  0
     22.95     20.43      16.2 ABalaapp   0  0  0  0  0
     14.67     13.32      10.1 ABalapaa   0  0  0  0  0
     19.89     14.58       8.3 ABalapap   0  0  0  0  0
     19.26     19.08      13.9 ABalappa   0  0  0  0  0
     26.82     19.71      12.1 ABalappp   0  0  0  0  0
     11.34     22.32      14.9 ABalpaaa   0  0  0  0  0
     14.94     24.57      11.1 ABalpaap   0  0  0  0  0
     13.05     26.91      18.1 ABalpapa   0  0  0  0  0
     20.88      30.6      20.1 ABalpapp   0  0  0  0  0
     14.85     29.61      11.2 ABalppaa   0  0  0  0  0
     20.25     30.33       9.3 ABalppap   0  0  0  0  0
     22.14     27.27      16.0 ABalpppa   0  0  0  0  0
     28.08     30.06      16.2 ABalpppp   0  0  0  0  0
     13.32     17.55      23.2 ABaraaaa   0  0  0  0  0
     19.44     15.03      20.0 ABaraaap   0  0  0  0  0
     17.01     18.63      28.0 ABaraapa   0  0  0  0  0
     22.14      18.0      28.2 ABaraapp   0  0  0  0  0
     19.62     10.26      21.3 ABarapaa   0  0  0  0  0
     24.48     11.52      26.2 ABarapap   0  0  0  0  0
     28.53     10.26      26.0 ABarappa   0  0  0  0  0
     33.39     12.87      26.2 ABarappp   0  0  0  0  0
     18.09     10.89      15.1 ABarpaaa   0  0  0  0  0
     23.94     11.43       7.0 ABarpaap   0  0  0  0  0
     23.22     12.87      17.1 ABarpapa   0  0  0  0  0
     29.43      13.5      15.1 ABarpapp   0  0  0  0  0
      27.0      7.02      10.2 ABarppaa   0  0  0  0  0
     31.59     12.33       7.0 ABarppap   0  0  0  0  0
      33.3     11.25      14.3 ABarpppa   0  0  0  0  0
      39.6     16.11      13.2 ABarpppp   0  0  0  0  0
     14.67     19.26       7.2 ABplaaaa   0  0  0  0  0
     22.14     19.17       6.0 ABplaaap   0  0  0  0  0
      18.0     23.49       6.0 ABplaapa   0  0  0  0  0
     25.47      25.2       7.1 ABplaapp   0  0  0  0  0
     26.19     16.83       5.1 ABplapaa   0  0  0  0  0
     31.59     20.34       7.1 ABplapap   0  0  0  0  0
     30.15      27.0       6.1 ABplappa   0  0  0  0  0
     36.27     26.28       8.1 ABplappp   0  0  0  0  0
     22.68     33.03      15.0 ABplpaaa   0  0  0  0  0
      26.1     31.59       7.1 ABplpaap   0  0  0  0  0
     27.81      34.2      17.1 ABplpapa   0  0  0  0  0
      34.2     32.67      15.1 ABplpapp   0  0  0  0  0
     30.24     33.03       8.1 ABplppaa   0  0  0  0  0
     35.46     31.41       7.0 ABplppap   0  0  0  0  0
     37.98     33.57      10.1 ABplpppa   0  0  0  0  0
     41.94     32.76      16.1 ABplpppp   0  0  0  0  0
      24.3      7.11      18.0 ABpraaaa   0  0  0  0  0
     30.42      7.74      16.0 ABpraaap   0  0  0  0  0
      31.5      7.47      23.1 ABpraapa   0  0  0  0  0
     36.81      9.18      17.1 ABpraapp   0  0  0  0  0
     33.75      6.12      10.1 ABprapaa   0  0  0  0  0
     39.96      8.73       8.2 ABprapap   0  0  0  0  0
     43.38      9.99      14.1 ABprappa   0  0  0  0  0
     45.99     16.83      16.1 ABprappp   0  0  0  0  0
      36.9      8.37      27.0 ABprpaaa   0  0  0  0  0
     41.04      7.92      18.3 ABprpaap   0  0  0  0  0
      41.4      9.63      25.2 ABprpapa   0  0  0  0  0
     44.73     15.21      27.0 ABprpapp   0  0  0  0  0
     45.54       9.0      21.1 ABprppaa   0  0  0  0  0
     47.88     13.41      19.2 ABprppap   0  0  0  0  0
     49.77     15.84      23.1 ABprpppa   0  0  0  0  0
     48.69     21.69      27.0 ABprpppp   0  0  0  0  0
     18.99     24.39      23.1 MSaaa   0  0  0  0  0
     25.38     24.57      27.1 MSaap   0  0  0  0  0
     25.65     30.87      24.1 MSapa   0  0  0  0  0
      33.3     31.23      24.1 MSapp   0  0  0  0  0
     26.64     16.56      25.1 MSpaa   0  0  0  0  0
     32.58     21.42      27.0 MSpap   0  0  0  0  0
     38.25     14.76      25.3 MSppa   0  0  0  0  0
      41.4     20.16      27.2 MSppp   0  0  0  0  0
     29.25     23.67      19.1 Eal   0  0  0  0  0
     33.93     18.09      20.1 Ear   0  0  0  0  0
     37.89     24.03      14.2 Epl   0  0  0  0  0
     43.83     23.04      19.1 Epr   0  0  0  0  0
     36.54     17.46       5.0 Caaa   0  0  0  0  0
     43.38     22.41       7.1 Caap   0  0  0  0  0
     40.95     28.62       5.1 Capa   0  0  0  0  0
     46.98     29.25      11.2 Capp   0  0  0  0  0
     44.01     13.14       6.1 Cpaa   0  0  0  0  0
     48.78     21.15       9.1 Cpap   0  0  0  0  0
      50.4      19.8      17.2 Cppa   0  0  0  0  0
      49.5     27.27      17.1 Cppp   0  0  0  0  0
     42.75     30.51      21.0  Da   0  0  0  0  0
     45.81     27.45      24.2  Dp   0  0  0  0  0
     39.24     26.19      27.0  Z2   0  0  0  0  0
     36.27     27.45      27.0  Z3   0  0  0  0  0
 1  9  1  0  0  0  0
M END
$$$$