130619PHA4p2_064
kurekaoru/ZhaoLAB_HKBU/161117

 54  0  0  0  0  0  0  0  0  0  0 V2000
     12.87     17.37      15.7 ABalaaa   0  0  0  0  0
     17.37     21.51      19.0 ABalaap   0  0  0  0  0
     18.18     14.13      12.9 ABalapa   0  0  0  0  0
     23.58     17.73      16.9 ABalapp   0  0  0  0  0
     14.13     23.22      10.1 ABalpaa   0  0  0  0  0
     16.65     28.26      17.0 ABalpap   0  0  0  0  0
     18.45      28.8       9.0 ABalppa   0  0  0  0  0
     23.67     29.43      15.1 ABalppp   0  0  0  0  0
     16.83     14.31      20.9 ABaraaa   0  0  0  0  0
     20.07     17.19      26.9 ABaraap   0  0  0  0  0
     23.76     10.44      23.0 ABarapa   0  0  0  0  0
     31.95     13.41      27.8 ABarapp   0  0  0  0  0
     22.95      10.8      11.1 ABarpaa   0  0  0  0  0
     28.98     13.41      18.1 ABarpap   0  0  0  0  0
     31.14      9.09      10.9 ABarppa   0  0  0  0  0
     36.36     14.04      15.2 ABarppp   0  0  0  0  0
     20.16     17.55       6.1 ABplaaa   0  0  0  0  0
     23.31     23.22       8.2 ABplaap   0  0  0  0  0
     27.81     16.74       8.0 ABplapa   0  0  0  0  0
     31.14     25.56       8.9 ABplapp   0  0  0  0  0
     25.47     31.68       8.7 ABplpaa   0  0  0  0  0
     29.79     33.66      15.8 ABplpap   0  0  0  0  0
     32.13     32.22       7.9 ABplppa   0  0  0  0  0
     36.99     33.39      13.8 ABplppp   0  0  0  0  0
     30.87      7.38      19.9 ABpraaa   0  0  0  0  0
     37.89      9.27      23.2 ABpraap   0  0  0  0  0
      39.6      8.37      14.7 ABprapa   0  0  0  0  0
     44.82      15.3      16.9 ABprapp   0  0  0  0  0
     43.92      9.81      23.2 ABprpaa   0  0  0  0  0
     43.38     16.29      26.8 ABprpap   0  0  0  0  0
      48.6     14.85      22.7 ABprppa   0  0  0  0  0
     48.78     21.42      24.7 ABprppp   0  0  0  0  0
     15.57     24.66      26.8 MSaaa   0  0  0  0  0
     23.31     25.83      27.9 MSaap   0  0  0  0  0
     21.33     31.32      24.9 MSapa   0  0  0  0  0
     30.51     32.58      26.6 MSapp   0  0  0  0  0
     25.65     18.54      27.8 MSpaa   0  0  0  0  0
      31.5     24.39      28.3 MSpap   0  0  0  0  0
     36.99      16.2      27.8 MSppa   0  0  0  0  0
      40.5     22.41      28.8 MSppp   0  0  0  0  0
     28.26     26.01      21.0 Eal   0  0  0  0  0
     32.76     20.43      21.8 Ear   0  0  0  0  0
     36.54      27.0      17.0 Epl   0  0  0  0  0
     41.49     23.76      21.1 Epr   0  0  0  0  0
     34.65     15.93       7.8 Caaa   0  0  0  0  0
     38.88     21.06      10.8 Caap   0  0  0  0  0
     40.59     27.09       8.0 Cap   0  0  0  0  0
     44.28     13.86       7.2 Cpaa   0  0  0  0  0
     46.44     21.06       9.9 Cpap   0  0  0  0  0
      50.4     22.41      14.1 Cppa   0  0  0  0  0
     48.33     28.08      15.2 Cppp   0  0  0  0  0
     43.11     32.31      18.2  Da   0  0  0  0  0
     45.36     28.62      26.8  Dp   0  0  0  0  0
     37.89     30.51      27.2  P4   0  0  0  0  0
 1  9  1  0  0  0  0
M END
$$$$