130619PHA4p2_088
kurekaoru/ZhaoLAB_HKBU/161117

111  0  0  0  0  0  0  0  0  0  0 V2000
     12.87     17.55      13.0 ABalaaaa   0  0  0  0  0
     14.85     15.57      10.1 ABalaaap   0  0  0  0  0
     17.82     12.33      13.0 ABalaapa   0  0  0  0  0
     22.95     13.41      14.0 ABalaapp   0  0  0  0  0
     15.48     24.66       7.9 ABalapaa   0  0  0  0  0
     19.71      22.5       8.0 ABalapap   0  0  0  0  0
     19.62     19.53      11.8 ABalappa   0  0  0  0  0
     24.93      21.6      12.0 ABalappp   0  0  0  0  0
     11.88      18.9      20.1 ABalpaaa   0  0  0  0  0
     12.96     22.59      14.1 ABalpaapa   0  0  0  0  0
     15.57     26.37      17.1 ABalpaapp   0  0  0  0  0
     13.41     22.41      22.9 ABalpapa   0  0  0  0  0
     15.84     24.93      25.1 ABalpappa   0  0  0  0  0
     20.61     27.45      26.2 ABalpappp   0  0  0  0  0
     14.67     28.71      21.3 ABalppaa   0  0  0  0  0
     18.81     29.34      18.1 ABalppap   0  0  0  0  0
     18.99     28.35      12.1 ABalpppa   0  0  0  0  0
     23.94     28.08      17.0 ABalpppp   0  0  0  0  0
     13.77     15.03      20.2 ABaraaaa   0  0  0  0  0
     17.73     12.96      19.0 ABaraaap   0  0  0  0  0
     18.09     19.71      26.9 ABaraapa   0  0  0  0  0
     23.94     17.91      26.1 ABaraapp   0  0  0  0  0
     20.07     15.03      27.0 ABarapaa   0  0  0  0  0
     23.31     11.16      25.2 ABarapapa   0  0  0  0  0
     28.35     13.05      27.1 ABarapapp   0  0  0  0  0
      25.2      8.46      22.0 ABarappa   0  0  0  0  0
     27.99      9.99      17.2 ABarappp   0  0  0  0  0
     17.46     15.75       5.2 ABarpaaa   0  0  0  0  0
     21.24     17.64       5.1 ABarpaapa   0  0  0  0  0
     27.45     17.73       6.1 ABarpaapp   0  0  0  0  0
     22.59      12.6       6.0 ABarpapa   0  0  0  0  0
     28.35     12.33       9.0 ABarpapp   0  0  0  0  0
     29.88     21.87       6.0 ABarppaa   0  0  0  0  0
     33.66     24.93       8.2 ABarppap   0  0  0  0  0
      33.3     15.21       7.0 ABarpppa   0  0  0  0  0
     40.41     16.65       9.2 ABarpppp   0  0  0  0  0
     19.98     27.36       6.0 ABplaaaa   0  0  0  0  0
     25.47      26.1       7.9 ABplaaap   0  0  0  0  0
      23.4     30.51       8.8 ABplaapa   0  0  0  0  0
      26.1     30.78      11.4 ABplaappa   0  0  0  0  0
     31.68     30.96      12.1 ABplaappp   0  0  0  0  0
     29.52     30.51       5.9 ABplapaa   0  0  0  0  0
      36.0     29.88       7.1 ABplapap   0  0  0  0  0
     36.27     33.66      12.9 ABplappa   0  0  0  0  0
     41.76     31.59      10.9 ABplappp   0  0  0  0  0
     21.96     32.67      21.0 ABplpaaa   0  0  0  0  0
     25.47     33.93      16.8 ABplpaap   0  0  0  0  0
     25.65      32.4      24.1 ABplpapa   0  0  0  0  0
     29.79      30.6      25.0 ABplpappa   0  0  0  0  0
     33.66     31.32      24.3 ABplpappp   0  0  0  0  0
     30.06      34.2      18.8 ABplppaa   0  0  0  0  0
     34.83     33.39      20.1 ABplppap   0  0  0  0  0
     38.79     34.11      18.1 ABplpppa   0  0  0  0  0
     39.87     31.77      24.1 ABplpppp   0  0  0  0  0
     21.06      8.64      13.0 ABpraaaa   0  0  0  0  0
      25.2      8.28      11.0 ABpraaap   0  0  0  0  0
      29.7      7.02      11.1 ABpraapa   0  0  0  0  0
     34.38      8.91      12.1 ABpraapp   0  0  0  0  0
     34.65      9.72       5.0 ABprapaa   0  0  0  0  0
     39.96      9.81       8.1 ABprapap   0  0  0  0  0
     42.57      9.18      14.1 ABprappa   0  0  0  0  0
     46.98     14.85      15.9 ABprappp   0  0  0  0  0
     30.51      6.66      20.9 ABprpaaa   0  0  0  0  0
     35.55      6.03      18.0 ABprpaap   0  0  0  0  0
     34.65      8.37      25.3 ABprpapa   0  0  0  0  0
     39.96     10.89      26.2 ABprpapp   0  0  0  0  0
     39.33      6.57      21.2 ABprppaa   0  0  0  0  0
     42.21      8.91      21.1 ABprppap   0  0  0  0  0
     46.53     10.35      19.9 ABprpppa   0  0  0  0  0
     46.71     13.77      24.1 ABprpppp   0  0  0  0  0
     16.11     18.99      20.0 MSaaaa   0  0  0  0  0
     20.07     22.05      21.2 MSaaap   0  0  0  0  0
     25.11     23.94      28.0 MSaapa   0  0  0  0  0
     31.41     23.67      29.0 MSaapp   0  0  0  0  0
     23.04      24.3      21.1 MSapaa   0  0  0  0  0
      27.9     25.92      22.8 MSapap   0  0  0  0  0
     31.41     26.37      22.1 MSappa   0  0  0  0  0
     34.92     28.17      20.9 MSappp   0  0  0  0  0
     23.04     14.67      19.0 MSpaaa   0  0  0  0  0
     29.25      18.0      25.0 MSpaap   0  0  0  0  0
      32.4     15.66      28.1 MSpapa   0  0  0  0  0
     37.44     19.35      28.1 MSpapp   0  0  0  0  0
     30.15     14.04      21.1 MSppaa   0  0  0  0  0
     34.56     13.68      21.2 MSppap   0  0  0  0  0
      37.8     16.02      22.8 MSpppa   0  0  0  0  0
     41.58     15.12      21.1 MSpppp   0  0  0  0  0
     25.38     21.24      18.0 Eala   0  0  0  0  0
      33.3     21.51      21.2 Ealp   0  0  0  0  0
     28.08     16.29      15.2 Eara   0  0  0  0  0
     35.91     16.38      15.1 Earp   0  0  0  0  0
     35.01      24.3      15.0 Epla   0  0  0  0  0
      41.4     26.46      16.2 Eplp   0  0  0  0  0
     40.32     17.82      15.2 Epra   0  0  0  0  0
     45.99     22.05      16.0 Eprp   0  0  0  0  0
     37.44     20.97       6.4 Caaaa   0  0  0  0  0
     43.02     23.94       7.9 Caaap   0  0  0  0  0
     46.62     27.27       8.2 Caap   0  0  0  0  0
      45.0     31.95      19.1 Capa   0  0  0  0  0
     46.53     28.62      15.2 Capp   0  0  0  0  0
     43.74     12.87       5.1 Cpaaa   0  0  0  0  0
      47.7      17.1       9.0 Cpaap   0  0  0  0  0
     49.41     20.79       8.0 Cpapa   0  0  0  0  0
     50.58     25.92      14.9 Cpapp   0  0  0  0  0
     49.86      18.0      22.2 Cppa   0  0  0  0  0
     49.86      23.4      19.3 Cppp   0  0  0  0  0
      37.8     27.54      27.1 Daa   0  0  0  0  0
     44.91     27.09      25.9 Dap   0  0  0  0  0
     43.65     17.37      28.1 Dpa   0  0  0  0  0
     48.42     23.58      26.9 Dpp   0  0  0  0  0
     41.22     20.97      24.9  Z2   0  0  0  0  0
     36.45     23.13      25.1  Z3   0  0  0  0  0
 1  9  1  0  0  0  0
M END
$$$$