130619PHA4p2_081
kurekaoru/ZhaoLAB_HKBU/161117

100  0  0  0  0  0  0  0  0  0  0 V2000
     12.51     15.57      15.2 ABalaaaa   0  0  0  0  0
      16.2     13.59      14.1 ABalaaap   0  0  0  0  0
     18.18     17.73      16.2 ABalaapa   0  0  0  0  0
     21.96     13.77      15.1 ABalaapp   0  0  0  0  0
     14.94      15.3       7.1 ABalapaa   0  0  0  0  0
     19.71     15.75       6.0 ABalapap   0  0  0  0  0
     21.24     18.45      10.1 ABalappa   0  0  0  0  0
     26.37     20.16      12.1 ABalappp   0  0  0  0  0
      11.7     20.07      17.1 ABalpaaa   0  0  0  0  0
     13.32     22.41      11.3 ABalpaap   0  0  0  0  0
     12.33     24.66      19.1 ABalpapa   0  0  0  0  0
     16.02     27.99      22.1 ABalpapp   0  0  0  0  0
     14.22      27.0       9.3 ABalppaa   0  0  0  0  0
     17.28     28.26      15.0 ABalppap   0  0  0  0  0
     19.53     23.58      14.1 ABalpppa   0  0  0  0  0
     23.67      27.9      18.1 ABalpppp   0  0  0  0  0
     14.58     13.86      22.0 ABaraaaa   0  0  0  0  0
      18.9     13.23      21.2 ABaraaap   0  0  0  0  0
      17.1     17.73      27.2 ABaraapa   0  0  0  0  0
     24.12     17.28      28.1 ABaraapp   0  0  0  0  0
     20.79     10.53      24.2 ABarapaa   0  0  0  0  0
     26.82     10.89      26.2 ABarapap   0  0  0  0  0
     27.45      7.92      21.2 ABarappa   0  0  0  0  0
     32.04      9.54      22.1 ABarappp   0  0  0  0  0
     19.17      10.8       9.1 ABarpaaa   0  0  0  0  0
     24.57     12.24       6.1 ABarpaap   0  0  0  0  0
     24.48     11.16      12.0 ABarpapa   0  0  0  0  0
     29.97       9.9      12.1 ABarpapp   0  0  0  0  0
     29.52     10.98       5.1 ABarppaa   0  0  0  0  0
     30.06     17.91       7.0 ABarppap   0  0  0  0  0
     33.93      12.6       9.2 ABarpppa   0  0  0  0  0
     39.06     15.12      11.2 ABarpppp   0  0  0  0  0
     16.83     22.05       6.0 ABplaaaa   0  0  0  0  0
     22.05     21.33       6.1 ABplaaap   0  0  0  0  0
     19.53     27.18       6.1 ABplaapa   0  0  0  0  0
      26.1     28.35      10.2 ABplaapp   0  0  0  0  0
     25.83     21.87       5.2 ABplapaa   0  0  0  0  0
     30.06     24.93       8.0 ABplapap   0  0  0  0  0
     31.05     29.61       9.9 ABplappa   0  0  0  0  0
     35.82     29.79       6.0 ABplappp   0  0  0  0  0
     20.43     31.68      16.1 ABplpaaa   0  0  0  0  0
     23.67     32.58      11.2 ABplpaap   0  0  0  0  0
     24.39     33.21      19.3 ABplpapa   0  0  0  0  0
     29.34     33.12      18.2 ABplpapp   0  0  0  0  0
     27.63      33.3       9.2 ABplppaa   0  0  0  0  0
     32.22     33.39      12.9 ABplppap   0  0  0  0  0
     36.63     33.12      11.1 ABplpppa   0  0  0  0  0
     37.26     34.02      18.1 ABplpppp   0  0  0  0  0
     22.32      7.65      16.9 ABpraaaa   0  0  0  0  0
     28.44      5.85      13.0 ABpraaap   0  0  0  0  0
     33.21      6.12      16.1 ABpraapa   0  0  0  0  0
     37.71      9.27      14.3 ABpraapp   0  0  0  0  0
     35.28      7.74       6.9 ABprapaa   0  0  0  0  0
     41.22       9.9       8.1 ABprapap   0  0  0  0  0
     44.64     11.07      14.2 ABprappa   0  0  0  0  0
     47.25     16.02      16.1 ABprappp   0  0  0  0  0
      35.1      6.66      23.2 ABprpaaa   0  0  0  0  0
     39.96      6.21      18.1 ABprpaap   0  0  0  0  0
     40.14      8.19      24.2 ABprpapa   0  0  0  0  0
     43.56     11.16      27.0 ABprpapp   0  0  0  0  0
     44.01      7.65      18.4 ABprppaa   0  0  0  0  0
     46.17     12.42      20.1 ABprppap   0  0  0  0  0
     49.14      14.4      22.0 ABprpppa   0  0  0  0  0
     48.06     18.09      26.1 ABprpppp   0  0  0  0  0
     14.31     20.07      21.2 MSaaaa   0  0  0  0  0
     18.36      23.4      25.3 MSaaap   0  0  0  0  0
     22.23     22.68      27.4 MSaapa   0  0  0  0  0
     31.23      25.2      29.0 MSaapp   0  0  0  0  0
     21.33     26.19      22.9 MSapaa   0  0  0  0  0
     28.26     26.46      24.0 MSapap   0  0  0  0  0
     30.24     28.08      21.0 MSappa   0  0  0  0  0
     35.28     29.97      20.1 MSappp   0  0  0  0  0
      23.4     14.58      21.3 MSpaaa   0  0  0  0  0
     29.88     15.93      24.3 MSpaap   0  0  0  0  0
     32.49     16.02      28.1 MSpapa   0  0  0  0  0
     37.26     21.96      28.1 MSpapp   0  0  0  0  0
     34.92     11.97      24.0 MSppaa   0  0  0  0  0
     38.97     14.85      22.2 MSppap   0  0  0  0  0
     41.94     15.57      25.0 MSpppa   0  0  0  0  0
     43.83     19.62      26.1 MSpppp   0  0  0  0  0
      26.1     21.51      20.0 Eala   0  0  0  0  0
     33.12     22.77      23.1 Ealp   0  0  0  0  0
     29.88     14.85      17.2 Eara   0  0  0  0  0
     35.01     17.01      17.3 Earp   0  0  0  0  0
     33.75     23.58      14.1 Epla   0  0  0  0  0
     38.88     26.01      12.2 Eplp   0  0  0  0  0
     40.77     19.62      18.3 Epra   0  0  0  0  0
     44.46     22.86      16.1 Eprp   0  0  0  0  0
     38.16     19.98       6.5 Caaa   0  0  0  0  0
     43.38     23.31       5.1 Caap   0  0  0  0  0
     41.13     29.61       6.1 Capa   0  0  0  0  0
     45.45     29.79      13.0 Capp   0  0  0  0  0
     44.73     15.93       8.0 Cpaa   0  0  0  0  0
     48.87     22.41       8.2 Cpap   0  0  0  0  0
     49.95      20.7      20.0 Cppa   0  0  0  0  0
     49.14     26.91      17.1 Cppp   0  0  0  0  0
     40.05     30.15      20.2  Da   0  0  0  0  0
     45.81     24.48      25.1  Dp   0  0  0  0  0
     41.58     22.95      27.1  Z2   0  0  0  0  0
     35.82     26.01      23.1  Z3   0  0  0  0  0
 1  9  1  0  0  0  0
M END
$$$$