130619PHA4p2_042
kurekaoru/ZhaoLAB_HKBU/161117

 28  0  0  0  0  0  0  0  0  0  0 V2000
     12.69     20.88      21.2 ABalaa   0  0  0  0  0
     15.66     17.46      12.2 ABalap   0  0  0  0  0
     15.84     27.09      15.1 ABalpa   0  0  0  0  0
     23.04     30.96      11.4 ABalpp   0  0  0  0  0
     18.81     16.02      24.1 ABaraa   0  0  0  0  0
      27.0      12.6      22.0 ABarap   0  0  0  0  0
     23.31     10.35      13.0 ABarpa   0  0  0  0  0
     34.47      9.45      10.2 ABarpp   0  0  0  0  0
     21.15     20.88       8.5 ABplaa   0  0  0  0  0
     28.98     21.69       9.0 ABplap   0  0  0  0  0
      30.6     32.58      11.4 ABplpa   0  0  0  0  0
      37.8     31.14      10.0 ABplpp   0  0  0  0  0
     32.58      8.82      21.2 ABpraa   0  0  0  0  0
      41.4      8.82      17.3 ABprap   0  0  0  0  0
     41.04     13.23      27.3 ABprpa   0  0  0  0  0
     47.34      17.1      25.0 ABprpp   0  0  0  0  0
     19.53     26.73      27.3 MSaa   0  0  0  0  0
     26.73     31.05      24.2 MSap   0  0  0  0  0
     25.65     20.79      25.0 MSpa   0  0  0  0  0
      35.1     18.09      28.9 MSpp   0  0  0  0  0
     32.58     25.11      20.1  Ea   0  0  0  0  0
     41.67      25.2      19.2  Ep   0  0  0  0  0
     34.92     17.82      11.9 Caa   0  0  0  0  0
     40.77     22.41      10.0 Cap   0  0  0  0  0
     46.26     14.94      10.0 Cpa   0  0  0  0  0
     49.41      20.7      13.9 Cpp   0  0  0  0  0
     48.69     27.63      19.2   D   0  0  0  0  0
     43.38     31.14      24.1  P4   0  0  0  0  0
 1  9  1  0  0  0  0
M END
$$$$