130619PHA4p2_089
kurekaoru/ZhaoLAB_HKBU/161117

118  0  0  0  0  0  0  0  0  0  0 V2000
     12.24     17.73      12.1 ABalaaaa   0  0  0  0  0
     15.03     14.49      11.1 ABalaaap   0  0  0  0  0
     17.82     11.16      12.1 ABalaapa   0  0  0  0  0
     22.95     13.68      13.1 ABalaapp   0  0  0  0  0
     15.21     25.11       7.0 ABalapaa   0  0  0  0  0
     19.35      22.5       8.1 ABalapap   0  0  0  0  0
     19.26     18.81      11.2 ABalappa   0  0  0  0  0
     24.39     20.61      11.1 ABalappp   0  0  0  0  0
     12.33     19.08      20.0 ABalpaaa   0  0  0  0  0
     13.32      22.5      13.9 ABalpaapa   0  0  0  0  0
     15.66     26.55      17.0 ABalpaapp   0  0  0  0  0
     13.86     22.41      21.1 ABalpapa   0  0  0  0  0
     16.02      25.2      25.2 ABalpappa   0  0  0  0  0
     21.24     26.64      26.1 ABalpappp   0  0  0  0  0
     14.85     28.26      21.1 ABalppaa   0  0  0  0  0
      18.9     29.43      17.1 ABalppap   0  0  0  0  0
     18.99     28.71      12.1 ABalpppa   0  0  0  0  0
     22.23     27.45      15.1 ABalppppa   0  0  0  0  0
     27.09      27.0      17.1 ABalppppp   0  0  0  0  0
     13.95     15.48      21.1 ABaraaaa   0  0  0  0  0
      16.2     12.87      19.2 ABaraaapa   0  0  0  0  0
     20.61     11.43      22.0 ABaraaapp   0  0  0  0  0
      18.0     20.25      26.1 ABaraapa   0  0  0  0  0
     22.14     18.72      25.2 ABaraappa   0  0  0  0  0
      27.0     17.91      28.0 ABaraappp   0  0  0  0  0
     19.62     14.85      25.1 ABarapaa   0  0  0  0  0
     23.58     11.88      27.0 ABarapapa   0  0  0  0  0
      28.8     13.14      27.2 ABarapapp   0  0  0  0  0
     25.56      8.82      22.4 ABarappa   0  0  0  0  0
     26.55      9.99      17.0 ABarapppa   0  0  0  0  0
     29.61     10.98      17.1 ABarapppp   0  0  0  0  0
     16.83     16.38       5.1 ABarpaaa   0  0  0  0  0
     21.06     17.64       5.0 ABarpaapa   0  0  0  0  0
     27.63     17.55       6.0 ABarpaapp   0  0  0  0  0
     21.96     12.69       5.1 ABarpapa   0  0  0  0  0
      26.1     12.06       7.2 ABarpappa   0  0  0  0  0
     30.33     12.06       8.0 ABarpappp   0  0  0  0  0
     29.07     21.78       6.0 ABarppaa   0  0  0  0  0
     33.93     24.66       8.3 ABarppap   0  0  0  0  0
     33.03     15.48       6.1 ABarpppa   0  0  0  0  0
     40.23     16.29       9.0 ABarpppp   0  0  0  0  0
     19.89     27.27       5.1 ABplaaaa   0  0  0  0  0
     25.11     25.65       7.2 ABplaaap   0  0  0  0  0
     23.31     30.42       8.1 ABplaapa   0  0  0  0  0
     25.83     30.15      11.3 ABplaappa   0  0  0  0  0
     31.77      30.6      12.1 ABplaappp   0  0  0  0  0
     29.34     29.79       5.0 ABplapaa   0  0  0  0  0
     34.56     29.07       6.2 ABplapapa   0  0  0  0  0
     38.25     29.07       6.1 ABplapapp   0  0  0  0  0
      36.9     33.21      13.0 ABplappa   0  0  0  0  0
     42.39     31.77      10.4 ABplappp   0  0  0  0  0
     22.41      32.4      18.1 ABplpaaa   0  0  0  0  0
      26.1     33.21      16.0 ABplpaap   0  0  0  0  0
     26.01     31.86      23.1 ABplpapa   0  0  0  0  0
     29.97      29.7      26.1 ABplpappa   0  0  0  0  0
     35.19     30.33      26.0 ABplpappp   0  0  0  0  0
     30.33      33.3      20.0 ABplppaa   0  0  0  0  0
     34.56     32.85      21.0 ABplppap   0  0  0  0  0
     38.88     33.12      19.2 ABplpppa   0  0  0  0  0
     40.68     31.05      24.4 ABplpppp   0  0  0  0  0
     21.33      7.92      15.1 ABpraaaa   0  0  0  0  0
     24.12      8.46      10.3 ABpraaap   0  0  0  0  0
     29.16      6.93      10.1 ABpraapa   0  0  0  0  0
     32.22      8.55      13.1 ABpraappa   0  0  0  0  0
     36.63      9.81      11.2 ABpraappp   0  0  0  0  0
     34.56      9.72       4.9 ABprapaa   0  0  0  0  0
     40.59     10.62       7.1 ABprapap   0  0  0  0  0
     42.84      8.55      14.0 ABprappa   0  0  0  0  0
     47.07     14.04      15.9 ABprappp   0  0  0  0  0
     29.88      6.48      20.2 ABprpaaa   0  0  0  0  0
     34.29      5.49      17.0 ABprpaap   0  0  0  0  0
     34.56      7.92      24.4 ABprpapa   0  0  0  0  0
     40.23     11.88      26.1 ABprpapp   0  0  0  0  0
      38.7      6.12      20.1 ABprppaa   0  0  0  0  0
      41.4      8.37      19.3 ABprppap   0  0  0  0  0
     45.99      9.54      19.2 ABprpppa   0  0  0  0  0
     46.26     12.96      23.3 ABprpppp   0  0  0  0  0
     16.65     18.45      19.2 MSaaaa   0  0  0  0  0
     20.16     22.14      21.0 MSaaap   0  0  0  0  0
     25.38     23.31      27.2 MSaapa   0  0  0  0  0
      32.4     23.22      28.9 MSaapp   0  0  0  0  0
     22.86     25.02      20.0 MSapaa   0  0  0  0  0
     28.17     25.56      22.1 MSapap   0  0  0  0  0
     32.13     25.47      23.0 MSappa   0  0  0  0  0
     34.83     27.99      20.1 MSappp   0  0  0  0  0
     22.68     14.31      18.0 MSpaaa   0  0  0  0  0
     29.34     17.82      24.0 MSpaap   0  0  0  0  0
     32.49     16.02      28.0 MSpapa   0  0  0  0  0
     37.71     18.72      27.3 MSpapp   0  0  0  0  0
     30.15     13.95      20.1 MSppaa   0  0  0  0  0
     34.38     13.05      21.0 MSppap   0  0  0  0  0
     37.35     15.39      21.2 MSpppa   0  0  0  0  0
     40.95     14.49      20.9 MSpppp   0  0  0  0  0
      26.1     21.51      17.1 Eala   0  0  0  0  0
     33.75     20.88      20.1 Ealp   0  0  0  0  0
     28.26     16.38      14.2 Eara   0  0  0  0  0
     36.09     15.03      15.0 Earp   0  0  0  0  0
     35.91     23.49      14.2 Epla   0  0  0  0  0
     41.85     26.46      15.3 Eplp   0  0  0  0  0
     40.14     17.55      15.1 Epra   0  0  0  0  0
     45.27     21.15      15.2 Eprp   0  0  0  0  0
     37.62     21.06       6.1 Caaaa   0  0  0  0  0
      43.2     23.94       7.7 Caaap   0  0  0  0  0
     46.62     27.09       8.3 Caap   0  0  0  0  0
     45.81     31.05      20.0 Capa   0  0  0  0  0
     47.07     29.16      14.3 Capp   0  0  0  0  0
     43.74     12.87       5.1 Cpaaa   0  0  0  0  0
     47.88     16.65       9.1 Cpaap   0  0  0  0  0
     49.41     20.79       8.0 Cpapa   0  0  0  0  0
     51.12     24.93      14.1 Cpapp   0  0  0  0  0
     49.59     17.46      23.0 Cppa   0  0  0  0  0
      49.5     22.59      18.1 Cppp   0  0  0  0  0
     38.61     26.28      27.0 Daa   0  0  0  0  0
     45.45     26.46      25.2 Dap   0  0  0  0  0
     43.65     16.65      28.0 Dpa   0  0  0  0  0
     48.24      22.5      26.0 Dpp   0  0  0  0  0
     41.67     20.79      24.3  Z2   0  0  0  0  0
     36.63     22.77      24.2  Z3   0  0  0  0  0
 1  9  1  0  0  0  0
M END
$$$$