130619PHA4p2_041
kurekaoru/ZhaoLAB_HKBU/161117

 28  0  0  0  0  0  0  0  0  0  0 V2000
     12.96     20.88      21.3 ABalaa   0  0  0  0  0
      15.3     17.91      13.9 ABalap   0  0  0  0  0
      15.3     27.99      15.1 ABalpa   0  0  0  0  0
     22.77     30.96      10.3 ABalpp   0  0  0  0  0
     18.81     15.93      24.4 ABaraa   0  0  0  0  0
      27.0     12.42      21.3 ABarap   0  0  0  0  0
     23.04      9.81      13.1 ABarpa   0  0  0  0  0
      34.2      9.54      11.3 ABarpp   0  0  0  0  0
     20.88      20.7       8.3 ABplaa   0  0  0  0  0
     28.53      21.6       8.9 ABplap   0  0  0  0  0
     30.15      32.4      11.3 ABplpa   0  0  0  0  0
     37.62     30.69       9.3 ABplpp   0  0  0  0  0
     32.58      9.09      22.3 ABpraa   0  0  0  0  0
     41.13      8.46      19.0 ABprap   0  0  0  0  0
     41.67      14.4      27.2 ABprpa   0  0  0  0  0
     48.24      18.9      25.2 ABprpp   0  0  0  0  0
      18.9     27.27      26.9 MSaa   0  0  0  0  0
     26.37     31.05      25.0 MSap   0  0  0  0  0
     25.56     21.24      24.9 MSpa   0  0  0  0  0
     35.37     18.27      29.0 MSpp   0  0  0  0  0
     32.85     26.19      21.2  Ea   0  0  0  0  0
     41.67     25.38      20.4  Ep   0  0  0  0  0
     34.29     18.18      11.0 Caa   0  0  0  0  0
      39.6     21.15      10.5 Cap   0  0  0  0  0
     45.45     14.67      10.3 Cpa   0  0  0  0  0
     48.42     20.61      12.3 Cpp   0  0  0  0  0
      48.6     27.81      16.3   D   0  0  0  0  0
     43.92     31.68      22.4  P4   0  0  0  0  0
 1  9  1  0  0  0  0
M END
$$$$