130619PHA4p2_056
kurekaoru/ZhaoLAB_HKBU/161117

 51  0  0  0  0  0  0  0  0  0  0 V2000
     12.42     18.54      14.7 ABalaaa   0  0  0  0  0
     12.33     23.13      19.9 ABalaap   0  0  0  0  0
     16.38     16.92       9.0 ABalapa   0  0  0  0  0
     19.35     20.16      18.7 ABalapp   0  0  0  0  0
     14.67     24.84      10.8 ABalpaa   0  0  0  0  0
     18.54     30.06      17.4 ABalpap   0  0  0  0  0
     20.07     30.06      10.0 ABalppa   0  0  0  0  0
      27.0     32.58      17.0 ABalppp   0  0  0  0  0
     15.93      13.5      19.1 ABaraaa   0  0  0  0  0
     18.54     17.91      26.4 ABaraap   0  0  0  0  0
     22.05       9.9      20.4 ABarapa   0  0  0  0  0
      27.9     12.51      28.7 ABarapp   0  0  0  0  0
     21.24      10.8       9.2 ABarpaa   0  0  0  0  0
     27.18     14.31      18.1 ABarpap   0  0  0  0  0
     29.88     11.16       8.3 ABarppa   0  0  0  0  0
     35.37     11.88      12.9 ABarppp   0  0  0  0  0
     20.43     18.36       7.0 ABplaaa   0  0  0  0  0
     24.03      25.2      11.9 ABplaap   0  0  0  0  0
     26.73     17.82       9.0 ABplapa   0  0  0  0  0
     31.32     26.55       8.0 ABplapp   0  0  0  0  0
     27.45     31.95       8.8 ABplpaa   0  0  0  0  0
     34.47     33.75      16.1 ABplpap   0  0  0  0  0
     34.11     30.87       7.6 ABplppa   0  0  0  0  0
     40.23      33.3      14.7 ABplppp   0  0  0  0  0
     28.26      7.11      16.8 ABpraaa   0  0  0  0  0
     33.21       9.0      23.9 ABpraap   0  0  0  0  0
     37.26      6.93      11.2 ABprapa   0  0  0  0  0
     44.19      9.81      15.7 ABprapp   0  0  0  0  0
     40.05      7.74      23.1 ABprpaa   0  0  0  0  0
     42.93     14.49      26.0 ABprpap   0  0  0  0  0
     47.79     12.33      19.8 ABprppa   0  0  0  0  0
     48.33     18.27      24.3 ABprppp   0  0  0  0  0
     16.29     24.93      25.1 MSaaa   0  0  0  0  0
     24.66     24.66      26.1 MSaap   0  0  0  0  0
     24.39     30.69      24.1 MSapa   0  0  0  0  0
     29.79     30.24      25.3 MSapp   0  0  0  0  0
      24.3     18.81      26.0 MSpaa   0  0  0  0  0
     31.41     22.05      26.9 MSpap   0  0  0  0  0
     34.83     14.76      27.2 MSppa   0  0  0  0  0
     38.25     20.52      27.3 MSppp   0  0  0  0  0
     30.42     27.09      19.1 Eal   0  0  0  0  0
     32.85     19.26      18.1 Ear   0  0  0  0  0
     38.25     27.63      13.0 Epl   0  0  0  0  0
     41.58     20.34      21.1 Epr   0  0  0  0  0
     36.09     19.35       9.1 Caa   0  0  0  0  0
     41.22     25.83       9.0 Cap   0  0  0  0  0
     44.01     15.75      10.0 Cpa   0  0  0  0  0
     49.32     23.13      14.1 Cpp   0  0  0  0  0
     46.62     31.14      18.8  Da   0  0  0  0  0
     48.15      25.2      27.8  Dp   0  0  0  0  0
     42.21      27.9      25.2  P4   0  0  0  0  0
 1  9  1  0  0  0  0
M END
$$$$