130619PHA4p2_082
kurekaoru/ZhaoLAB_HKBU/161117

101  0  0  0  0  0  0  0  0  0  0 V2000
     12.33     16.38      14.8 ABalaaaa   0  0  0  0  0
     15.66     14.67      13.2 ABalaaap   0  0  0  0  0
     18.27     17.91      16.1 ABalaapa   0  0  0  0  0
     21.42     13.23      14.2 ABalaapp   0  0  0  0  0
     14.58     17.55       7.0 ABalapaa   0  0  0  0  0
     19.53     16.47       5.2 ABalapap   0  0  0  0  0
     20.97     18.36      10.1 ABalappa   0  0  0  0  0
     25.92     19.08      12.0 ABalappp   0  0  0  0  0
     11.43     20.97      17.0 ABalpaaa   0  0  0  0  0
     13.23     23.22      12.1 ABalpaap   0  0  0  0  0
     12.33     25.11      19.3 ABalpapa   0  0  0  0  0
     16.65     27.72      23.2 ABalpapp   0  0  0  0  0
     14.22     28.17      10.2 ABalppaa   0  0  0  0  0
     17.73     28.98      15.3 ABalppap   0  0  0  0  0
     19.62     24.39      13.1 ABalpppa   0  0  0  0  0
     23.85     28.35      18.1 ABalpppp   0  0  0  0  0
     14.13     14.31      21.2 ABaraaaa   0  0  0  0  0
     18.36     12.69      21.1 ABaraaap   0  0  0  0  0
      17.1     17.46      27.3 ABaraapa   0  0  0  0  0
     23.85     17.55      28.9 ABaraapp   0  0  0  0  0
     20.79     11.34      26.0 ABarapaa   0  0  0  0  0
     27.36     10.98      27.0 ABarapap   0  0  0  0  0
     27.18      7.65      21.0 ABarappa   0  0  0  0  0
     31.77      9.99      21.1 ABarappp   0  0  0  0  0
     18.27     12.06       7.3 ABarpaaa   0  0  0  0  0
     24.66     13.59       5.1 ABarpaap   0  0  0  0  0
     23.67     10.44      10.2 ABarpapa   0  0  0  0  0
     29.61      9.54      11.1 ABarpapp   0  0  0  0  0
     29.88     12.33       4.1 ABarppaa   0  0  0  0  0
     30.15     19.26       7.0 ABarppap   0  0  0  0  0
      33.3     12.96       9.1 ABarpppa   0  0  0  0  0
     38.43     15.03      11.2 ABarpppp   0  0  0  0  0
     17.37     22.59       6.0 ABplaaaa   0  0  0  0  0
     22.41     22.32       6.1 ABplaaap   0  0  0  0  0
     19.89     27.72       6.1 ABplaapa   0  0  0  0  0
      27.0     28.17      11.2 ABplaapp   0  0  0  0  0
     25.74     24.48       5.0 ABplapaa   0  0  0  0  0
     31.41     26.01       7.1 ABplapap   0  0  0  0  0
     31.86     30.42       8.0 ABplappa   0  0  0  0  0
      36.9     29.79       5.2 ABplappp   0  0  0  0  0
     20.97     32.13      16.0 ABplpaaa   0  0  0  0  0
     23.94     32.76      10.4 ABplpaap   0  0  0  0  0
     24.66     33.21      20.1 ABplpapa   0  0  0  0  0
     29.97     33.21      19.1 ABplpapp   0  0  0  0  0
     28.26     33.66      10.0 ABplppaa   0  0  0  0  0
     32.58     33.57      13.1 ABplppap   0  0  0  0  0
     37.17     33.39      11.2 ABplpppa   0  0  0  0  0
     38.07     33.93      18.3 ABplpppp   0  0  0  0  0
     22.41      8.01      15.9 ABpraaaa   0  0  0  0  0
     28.35      6.03      12.1 ABpraaap   0  0  0  0  0
     33.03      6.21      16.1 ABpraapa   0  0  0  0  0
     37.62       9.0      14.1 ABpraapp   0  0  0  0  0
     34.74      8.01       5.2 ABprapaa   0  0  0  0  0
     41.49      9.36       7.3 ABprapap   0  0  0  0  0
      45.0     11.43      14.2 ABprappa   0  0  0  0  0
      46.8     16.11      16.1 ABprappp   0  0  0  0  0
     34.47      6.93      23.1 ABprpaaa   0  0  0  0  0
     39.51      6.03      18.1 ABprpaap   0  0  0  0  0
     39.15      8.19      25.1 ABprpapa   0  0  0  0  0
     43.38     10.71      26.2 ABprpapp   0  0  0  0  0
     43.56      7.65      18.9 ABprppaa   0  0  0  0  0
     45.27     12.06      21.0 ABprppap   0  0  0  0  0
     48.96     14.04      21.2 ABprpppa   0  0  0  0  0
     47.61     17.46      27.0 ABprpppp   0  0  0  0  0
     14.58     19.89      21.2 MSaaaa   0  0  0  0  0
     18.81     23.04      24.2 MSaaap   0  0  0  0  0
     21.78     23.13      28.1 MSaapa   0  0  0  0  0
     30.96      25.2      28.3 MSaapp   0  0  0  0  0
      21.6     25.65      22.1 MSapaa   0  0  0  0  0
     27.99     26.19      23.1 MSapap   0  0  0  0  0
      30.6     27.99      21.0 MSappa   0  0  0  0  0
     34.74     29.34      18.9 MSappp   0  0  0  0  0
      22.5     14.04      21.2 MSpaaa   0  0  0  0  0
     29.07     16.56      24.1 MSpaap   0  0  0  0  0
      31.5     16.02      28.2 MSpapa   0  0  0  0  0
     36.63      21.6      28.3 MSpapp   0  0  0  0  0
     33.84     12.87      23.3 MSppaa   0  0  0  0  0
      38.7      14.4      22.1 MSppap   0  0  0  0  0
     41.58     15.84      25.8 MSpppa   0  0  0  0  0
     43.65     19.17      24.9 MSpppp   0  0  0  0  0
     25.65     20.88      19.2 Eala   0  0  0  0  0
     33.03     22.59      23.1 Ealp   0  0  0  0  0
     28.89     14.49      17.0 Eara   0  0  0  0  0
     34.74     16.74      17.0 Earp   0  0  0  0  0
     33.84     23.22      14.1 Epla   0  0  0  0  0
      39.6     26.46      13.0 Eplp   0  0  0  0  0
     40.14     19.71      18.1 Epra   0  0  0  0  0
     44.91     23.58      16.9 Eprp   0  0  0  0  0
     38.34     20.34       6.7 Caaa   0  0  0  0  0
     42.84     23.22       5.0 Caap   0  0  0  0  0
      42.3     30.87       8.1 Capa   0  0  0  0  0
     46.26      29.7      12.3 Capp   0  0  0  0  0
     44.37     15.12       8.1 Cpaa   0  0  0  0  0
     48.78      22.5       9.0 Cpap   0  0  0  0  0
     49.86     20.43      21.1 Cppa   0  0  0  0  0
     49.68     26.64      17.3 Cppp   0  0  0  0  0
     38.52      29.7      21.2 Daa   0  0  0  0  0
      43.2     29.34      21.2 Dap   0  0  0  0  0
      45.0     24.21      25.1  Dp   0  0  0  0  0
     41.13     23.04      26.0  Z2   0  0  0  0  0
     35.55     25.47      23.2  Z3   0  0  0  0  0
 1  9  1  0  0  0  0
M END
$$$$