130619PHA4p2_065
kurekaoru/ZhaoLAB_HKBU/161117

 60  0  0  0  0  0  0  0  0  0  0 V2000
     13.14     17.91      15.8 ABalaaa   0  0  0  0  0
     18.09     21.69      18.0 ABalaap   0  0  0  0  0
     17.82     13.86      12.8 ABalapa   0  0  0  0  0
     23.31      17.1      15.9 ABalapp   0  0  0  0  0
     12.42     21.87      11.1 ABalpaaa   0  0  0  0  0
     15.93     24.57       9.1 ABalpaap   0  0  0  0  0
     13.41     27.36      16.3 ABalpapa   0  0  0  0  0
     18.18     29.25      18.3 ABalpapp   0  0  0  0  0
     18.54     29.16       9.1 ABalppa   0  0  0  0  0
     23.31     30.24      17.2 ABalppp   0  0  0  0  0
     16.74     14.67      21.1 ABaraaa   0  0  0  0  0
     20.34     17.91      26.0 ABaraap   0  0  0  0  0
     21.87     10.08      22.0 ABarapaa   0  0  0  0  0
     25.65     11.34      25.1 ABarapap   0  0  0  0  0
      31.5     13.59      27.0 ABarapp   0  0  0  0  0
     21.42      9.72      13.2 ABarpaaa   0  0  0  0  0
     24.93     10.17       9.2 ABarpaap   0  0  0  0  0
      28.8     13.59      19.1 ABarpap   0  0  0  0  0
     31.59     10.17      10.1 ABarppa   0  0  0  0  0
     36.27     14.13      16.7 ABarppp   0  0  0  0  0
     20.16     16.83       7.0 ABplaaa   0  0  0  0  0
     23.13      23.4       8.2 ABplaap   0  0  0  0  0
     27.36     17.55       7.0 ABplapa   0  0  0  0  0
     31.23      25.2       9.2 ABplapp   0  0  0  0  0
     25.02     31.77       8.1 ABplpaa   0  0  0  0  0
     29.34     33.57      16.1 ABplpap   0  0  0  0  0
     31.86      32.4       7.9 ABplppa   0  0  0  0  0
     36.72     33.12      14.0 ABplppp   0  0  0  0  0
     31.05      7.56      19.9 ABpraaa   0  0  0  0  0
     37.53       9.9      23.7 ABpraap   0  0  0  0  0
      39.6      7.11      14.1 ABprapaa   0  0  0  0  0
     40.86      9.72      12.1 ABprapap   0  0  0  0  0
     44.64     15.66      16.2 ABprapp   0  0  0  0  0
      44.1     10.26      23.0 ABprpaa   0  0  0  0  0
     43.74     16.29      26.7 ABprpap   0  0  0  0  0
     48.69     15.66      21.1 ABprppa   0  0  0  0  0
      48.6     22.05      23.9 ABprppp   0  0  0  0  0
      15.3     24.84      25.2 MSaaa   0  0  0  0  0
     23.49     25.74      27.2 MSaap   0  0  0  0  0
      21.6     31.68      25.7 MSapa   0  0  0  0  0
     31.14     32.67      25.9 MSapp   0  0  0  0  0
      26.1      18.9      26.3 MSpaa   0  0  0  0  0
     32.22     24.03      28.3 MSpap   0  0  0  0  0
     37.62     15.84      27.8 MSppa   0  0  0  0  0
     40.86     22.59      28.9 MSppp   0  0  0  0  0
     28.08     24.93      20.0 Eal   0  0  0  0  0
     32.58     20.34      21.1 Ear   0  0  0  0  0
     36.36     26.01      16.2 Epl   0  0  0  0  0
     41.49     24.39      21.1 Epr   0  0  0  0  0
     34.83     16.74       6.9 Caaa   0  0  0  0  0
     40.14     21.78      10.1 Caap   0  0  0  0  0
      38.7     27.63       6.0 Capa   0  0  0  0  0
     42.48     28.62       9.3 Capp   0  0  0  0  0
     44.37     14.22       6.6 Cpaa   0  0  0  0  0
     46.89     22.77       9.9 Cpap   0  0  0  0  0
     50.04     22.68      14.2 Cppa   0  0  0  0  0
     48.15      28.8      15.2 Cppp   0  0  0  0  0
     41.94     32.76      19.2  Da   0  0  0  0  0
     45.45     29.43      25.2  Dp   0  0  0  0  0
     37.53     29.97      27.8  P4   0  0  0  0  0
 1  9  1  0  0  0  0
M END
$$$$