130619PHA4p2_012
kurekaoru/ZhaoLAB_HKBU/161117

  8  0  0  0  0  0  0  0  0  0  0 V2000
     14.49     24.21      13.4 ABal   0  0  0  0  0
     20.34     13.59      22.5 ABar   0  0  0  0  0
     30.06     18.54      11.2 ABpl   0  0  0  0  0
     35.64     14.85      26.8 ABpr   0  0  0  0  0
     28.98      31.5      24.7  MS   0  0  0  0  0
     39.15     29.88      19.6   E   0  0  0  0  0
     43.65     19.89      17.1   C   0  0  0  0  0
     45.81     25.83      17.7  P3   0  0  0  0  0
 1  9  1  0  0  0  0
M END
$$$$