130619PHA4p2_054
kurekaoru/ZhaoLAB_HKBU/161117

 50  0  0  0  0  0  0  0  0  0  0 V2000
     12.33     17.91      13.7 ABalaaa   0  0  0  0  0
     11.79      23.4      18.9 ABalaap   0  0  0  0  0
     16.47     14.94      10.0 ABalapa   0  0  0  0  0
     19.62      20.7      17.8 ABalapp   0  0  0  0  0
     14.58     24.84       9.1 ABalpaa   0  0  0  0  0
     19.44      30.6      16.2 ABalpap   0  0  0  0  0
     21.33     29.79       9.0 ABalppa   0  0  0  0  0
     27.99     33.57      16.1 ABalppp   0  0  0  0  0
     15.12     13.41      20.8 ABaraaa   0  0  0  0  0
     17.82     19.62      27.1 ABaraap   0  0  0  0  0
     21.69      9.99      23.1 ABarapa   0  0  0  0  0
     27.99     13.95      28.2 ABarapp   0  0  0  0  0
     21.24      9.72      10.2 ABarpaa   0  0  0  0  0
     26.91     13.68      19.8 ABarpap   0  0  0  0  0
      29.7     11.25       8.5 ABarppa   0  0  0  0  0
     35.64     11.07      13.2 ABarppp   0  0  0  0  0
     20.43     18.54       7.2 ABplaaa   0  0  0  0  0
     24.21     24.39      11.1 ABplaap   0  0  0  0  0
     26.46     17.64       8.6 ABplapa   0  0  0  0  0
     31.77     26.37       8.0 ABplapp   0  0  0  0  0
     27.99     32.31       9.1 ABplpaa   0  0  0  0  0
     35.46     32.58      18.9 ABplpap   0  0  0  0  0
     34.65     30.51       7.5 ABplppa   0  0  0  0  0
     40.77     32.94      15.9 ABplppp   0  0  0  0  0
      28.8      6.66      18.9 ABpraaa   0  0  0  0  0
     33.57     10.17      26.8 ABpraap   0  0  0  0  0
      37.8       6.3      13.3 ABprapa   0  0  0  0  0
     44.82      9.27      16.4 ABprapp   0  0  0  0  0
     40.05      7.74      25.1 ABprpaa   0  0  0  0  0
     43.02     14.67      26.9 ABprpap   0  0  0  0  0
     47.97     12.06      20.9 ABprppa   0  0  0  0  0
     48.24     18.27      25.2 ABprppp   0  0  0  0  0
     16.56     26.73      22.2 MSaaa   0  0  0  0  0
     22.05     25.29      25.3 MSaap   0  0  0  0  0
     27.18     28.71      22.2 MSap   0  0  0  0  0
     23.67     19.71      25.0 MSpaa   0  0  0  0  0
     29.34     22.05      26.1 MSpap   0  0  0  0  0
     34.29     16.29      27.3 MSppa   0  0  0  0  0
      36.0      18.9      27.9 MSppp   0  0  0  0  0
     30.42     26.01      16.0 Eal   0  0  0  0  0
     32.49     17.37      16.9 Ear   0  0  0  0  0
     38.16     27.99      12.1 Epl   0  0  0  0  0
     41.22     18.54      21.1 Epr   0  0  0  0  0
     36.27     18.99       9.4 Caa   0  0  0  0  0
      41.4     25.38       9.3 Cap   0  0  0  0  0
     45.72     14.76       9.0 Cpa   0  0  0  0  0
     48.87     22.23      15.0 Cpp   0  0  0  0  0
     46.17     29.61      20.8  Da   0  0  0  0  0
      46.8     25.29      27.1  Dp   0  0  0  0  0
     40.23     26.46      26.1  P4   0  0  0  0  0
 1  9  1  0  0  0  0
M END
$$$$