130619PHA4p2_068
kurekaoru/ZhaoLAB_HKBU/161117

 86  0  0  0  0  0  0  0  0  0  0 V2000
     11.79     20.43      19.4 ABalaaaa   0  0  0  0  0
     14.67     17.28      15.1 ABalaaap   0  0  0  0  0
     16.92     21.51      18.2 ABalaapa   0  0  0  0  0
     21.06     22.41      17.2 ABalaapp   0  0  0  0  0
     14.31     14.67      11.1 ABalapaa   0  0  0  0  0
     18.81      15.3      10.0 ABalapap   0  0  0  0  0
     20.52      18.9      13.1 ABalappa   0  0  0  0  0
     25.47     19.89      14.1 ABalappp   0  0  0  0  0
     11.16      22.5      12.2 ABalpaaa   0  0  0  0  0
     14.76     26.01      11.1 ABalpaap   0  0  0  0  0
      12.6      27.0      18.2 ABalpapa   0  0  0  0  0
     18.54     30.78      20.2 ABalpapp   0  0  0  0  0
     14.85     30.69      11.0 ABalppaa   0  0  0  0  0
     19.62     31.14       8.3 ABalppap   0  0  0  0  0
     21.06     28.98      16.1 ABalpppa   0  0  0  0  0
     27.09     30.96      19.1 ABalpppp   0  0  0  0  0
      14.4     15.84      23.9 ABaraaaa   0  0  0  0  0
     19.35      15.3      19.1 ABaraaap   0  0  0  0  0
     17.82     17.82      27.1 ABaraapa   0  0  0  0  0
     22.95     19.17      27.2 ABaraapp   0  0  0  0  0
      20.7     10.17      22.1 ABarapaa   0  0  0  0  0
     25.56     11.88      25.2 ABarapap   0  0  0  0  0
      29.7     10.26      24.4 ABarappa   0  0  0  0  0
     33.48     13.23      27.1 ABarappp   0  0  0  0  0
     18.27     10.62      13.0 ABarpaaa   0  0  0  0  0
     24.21     11.79       7.1 ABarpaap   0  0  0  0  0
     24.21     13.68      17.1 ABarpapa   0  0  0  0  0
     29.79     14.67      16.0 ABarpapp   0  0  0  0  0
      27.9      9.09       8.2 ABarppaa   0  0  0  0  0
     32.76     12.69       7.1 ABarppap   0  0  0  0  0
     33.93     13.05      13.2 ABarpppa   0  0  0  0  0
     38.88     17.01      14.0 ABarpppp   0  0  0  0  0
     15.93      19.8       7.1 ABplaaaa   0  0  0  0  0
     21.15     19.62       7.0 ABplaaap   0  0  0  0  0
     18.99     24.84       6.9 ABplaapa   0  0  0  0  0
     24.84     26.01       8.1 ABplaapp   0  0  0  0  0
     25.56     17.55       5.1 ABplapaa   0  0  0  0  0
     29.97     21.42       9.0 ABplapap   0  0  0  0  0
     29.34     27.63       6.2 ABplappa   0  0  0  0  0
     34.83     27.18      11.0 ABplappp   0  0  0  0  0
     23.22     33.57      13.1 ABplpaaa   0  0  0  0  0
     28.08     32.67      11.0 ABplpaap   0  0  0  0  0
      27.9     34.38      17.1 ABplpapa   0  0  0  0  0
     34.74     33.39      19.1 ABplpapp   0  0  0  0  0
     32.67     33.03      10.0 ABplppa   0  0  0  0  0
     37.17     34.11      12.1 ABplpppa   0  0  0  0  0
      41.4     33.21      16.0 ABplpppp   0  0  0  0  0
     26.64      8.01      17.2 ABpraaaa   0  0  0  0  0
     30.42      9.09      14.2 ABpraaap   0  0  0  0  0
     33.03       8.1      22.2 ABpraapa   0  0  0  0  0
     36.63     10.98      18.2 ABpraapp   0  0  0  0  0
     34.74      6.93      10.2 ABprapaa   0  0  0  0  0
     40.14      9.27       7.3 ABprapap   0  0  0  0  0
     44.01     11.25      13.1 ABprappa   0  0  0  0  0
     46.08     17.64      14.2 ABprappp   0  0  0  0  0
     38.52      8.28      25.0 ABprpaaa   0  0  0  0  0
     41.22      8.55      19.3 ABprpaap   0  0  0  0  0
     42.39     12.24      26.1 ABprpapa   0  0  0  0  0
     43.92     16.92      27.0 ABprpapp   0  0  0  0  0
     46.08     11.61      20.0 ABprppaa   0  0  0  0  0
     47.16     13.77      19.1 ABprppap   0  0  0  0  0
     48.24      17.1      24.1 ABprpppa   0  0  0  0  0
     48.24     22.41      25.1 ABprpppp   0  0  0  0  0
     16.56     24.12      26.0 MSaaa   0  0  0  0  0
     24.21     25.92      27.3 MSaap   0  0  0  0  0
     23.49     32.85      24.0 MSapa   0  0  0  0  0
     31.59     31.95      26.1 MSapp   0  0  0  0  0
     27.36     17.37      25.2 MSpaa   0  0  0  0  0
      32.4     22.68      28.1 MSpap   0  0  0  0  0
     38.25     14.85      25.2 MSppa   0  0  0  0  0
     40.59     21.51      27.3 MSppp   0  0  0  0  0
     28.71     24.93      20.1 Eal   0  0  0  0  0
     33.48     19.89      21.1 Ear   0  0  0  0  0
     37.17     26.19      16.0 Epl   0  0  0  0  0
     43.47     23.31      19.1 Epr   0  0  0  0  0
      35.1     19.17       5.2 Caaa   0  0  0  0  0
     41.94     23.31       7.1 Caap   0  0  0  0  0
     39.51     29.16       5.9 Capa   0  0  0  0  0
     46.08     30.06      10.2 Capp   0  0  0  0  0
     44.55     14.58       5.3 Cpaa   0  0  0  0  0
     48.24     23.49       9.0 Cpap   0  0  0  0  0
     50.58     20.16      16.1 Cppa   0  0  0  0  0
     49.41     28.53      17.1 Cppp   0  0  0  0  0
     43.83     31.23      21.1  Da   0  0  0  0  0
      45.9     27.81      25.1  Dp   0  0  0  0  0
     38.16     28.53      26.1  P4   0  0  0  0  0
 1  9  1  0  0  0  0
M END
$$$$