130619PHA4p2_090
kurekaoru/ZhaoLAB_HKBU/161117

123  0  0  0  0  0  0  0  0  0  0 V2000
     11.79     18.18      12.2 ABalaaaa   0  0  0  0  0
     14.67     14.49      11.3 ABalaaap   0  0  0  0  0
     17.19     11.25      11.4 ABalaapa   0  0  0  0  0
     22.59     13.23      13.1 ABalaapp   0  0  0  0  0
     14.58     24.93       7.2 ABalapaa   0  0  0  0  0
     19.17     22.86       9.1 ABalapap   0  0  0  0  0
     18.63      18.9      11.1 ABalappa   0  0  0  0  0
     23.85      19.8      11.1 ABalappp   0  0  0  0  0
     12.69     19.62      21.1 ABalpaaa   0  0  0  0  0
     13.14      22.5      14.1 ABalpaapa   0  0  0  0  0
      16.2     25.83      17.9 ABalpaapp   0  0  0  0  0
      14.4     23.13      22.1 ABalpapa   0  0  0  0  0
     16.83     24.75      27.1 ABalpappa   0  0  0  0  0
     22.23     26.64      26.1 ABalpappp   0  0  0  0  0
     15.48     27.99      23.0 ABalppaa   0  0  0  0  0
      16.2     29.52      17.0 ABalppapa   0  0  0  0  0
     20.07     28.98      20.1 ABalppapp   0  0  0  0  0
      18.9     27.36      13.1 ABalpppa   0  0  0  0  0
     22.68     26.82      14.2 ABalppppa   0  0  0  0  0
      27.9      27.0      16.1 ABalppppp   0  0  0  0  0
     13.41     15.48      21.0 ABaraaaa   0  0  0  0  0
     16.29     12.33      20.1 ABaraaapa   0  0  0  0  0
     21.06     11.07      23.2 ABaraaapp   0  0  0  0  0
     15.75     18.63      26.1 ABaraapaa   0  0  0  0  0
     20.97     21.87      27.2 ABaraapap   0  0  0  0  0
      21.6     18.09      25.2 ABaraappa   0  0  0  0  0
      27.0     17.82      27.3 ABaraappp   0  0  0  0  0
     17.73     15.39      25.3 ABarapaaa   0  0  0  0  0
     22.86     14.67      27.4 ABarapaap   0  0  0  0  0
      24.3     11.16      27.9 ABarapapa   0  0  0  0  0
     29.16     12.51      27.1 ABarapapp   0  0  0  0  0
     25.65      9.36      22.1 ABarappa   0  0  0  0  0
      25.2      8.91      16.2 ABarapppa   0  0  0  0  0
     29.79     11.16      15.2 ABarapppp   0  0  0  0  0
     15.75     17.55       5.2 ABarpaaa   0  0  0  0  0
     21.15     18.18       4.9 ABarpaapa   0  0  0  0  0
     27.09     17.55       6.1 ABarpaapp   0  0  0  0  0
     21.51     12.87       6.1 ABarpapa   0  0  0  0  0
     25.02     12.06       7.0 ABarpappa   0  0  0  0  0
     30.15     12.69       7.0 ABarpappp   0  0  0  0  0
      28.8     22.41       7.0 ABarppaa   0  0  0  0  0
     34.56     24.66       8.1 ABarppap   0  0  0  0  0
     33.03     16.29       6.3 ABarpppa   0  0  0  0  0
     40.14     15.75       9.1 ABarpppp   0  0  0  0  0
     19.44     26.91       6.0 ABplaaaa   0  0  0  0  0
     24.57     25.56       8.0 ABplaaap   0  0  0  0  0
     23.22     30.78       8.2 ABplaapa   0  0  0  0  0
      26.1     29.61      12.0 ABplaappa   0  0  0  0  0
     31.68     30.78      12.0 ABplaappp   0  0  0  0  0
     29.43     29.07       6.0 ABplapaa   0  0  0  0  0
     33.84     29.43       6.1 ABplapapa   0  0  0  0  0
     39.24     28.89       7.1 ABplapapp   0  0  0  0  0
      36.9     33.21      12.0 ABplappa   0  0  0  0  0
     42.84     31.68      11.3 ABplappp   0  0  0  0  0
     22.77     32.04      18.2 ABplpaaa   0  0  0  0  0
     26.73     33.03      15.2 ABplpaap   0  0  0  0  0
     26.73     31.05      23.2 ABplpapa   0  0  0  0  0
     30.96     29.79      27.0 ABplpappa   0  0  0  0  0
     35.91     29.61      27.0 ABplpappp   0  0  0  0  0
     30.69     33.57      20.1 ABplppaa   0  0  0  0  0
     34.47     32.67      21.0 ABplppap   0  0  0  0  0
     38.97     32.58      19.1 ABplpppa   0  0  0  0  0
     40.77     31.14      24.3 ABplpppp   0  0  0  0  0
     20.61      7.83      15.3 ABpraaaa   0  0  0  0  0
     23.58      8.82      10.0 ABpraaap   0  0  0  0  0
      28.8      7.47       9.9 ABpraapa   0  0  0  0  0
     31.77      8.73      12.1 ABpraappa   0  0  0  0  0
     37.35      8.91      11.2 ABpraappp   0  0  0  0  0
     34.29      9.81       5.1 ABprapaa   0  0  0  0  0
     38.61      9.72       6.2 ABprapapa   0  0  0  0  0
     43.56     10.98       6.2 ABprapapp   0  0  0  0  0
     42.75      8.28      13.1 ABprappa   0  0  0  0  0
     46.98     13.77      15.2 ABprappp   0  0  0  0  0
      29.7      6.39      19.1 ABprpaaa   0  0  0  0  0
     33.75      5.85      15.2 ABprpaap   0  0  0  0  0
     33.12      7.02      24.0 ABprpapa   0  0  0  0  0
     37.35       9.9      26.2 ABprpappa   0  0  0  0  0
      41.4     11.52      26.2 ABprpappp   0  0  0  0  0
     38.07      5.67      20.9 ABprppaa   0  0  0  0  0
      40.5      8.28      20.2 ABprppap   0  0  0  0  0
     45.99      8.91      18.9 ABprpppa   0  0  0  0  0
     45.81     12.51      23.1 ABprpppp   0  0  0  0  0
     17.37     17.82      19.1 MSaaaa   0  0  0  0  0
     21.06     21.42      21.1 MSaaap   0  0  0  0  0
     25.74      23.4      27.1 MSaapa   0  0  0  0  0
     32.94     23.13      28.3 MSaapp   0  0  0  0  0
     23.22     25.47      20.0 MSapaa   0  0  0  0  0
     28.35     25.29      22.2 MSapap   0  0  0  0  0
     32.13     24.93      23.1 MSappa   0  0  0  0  0
     34.65     27.81      19.3 MSappp   0  0  0  0  0
     22.41     13.68      16.9 MSpaaa   0  0  0  0  0
     29.43     17.37      23.3 MSpaap   0  0  0  0  0
      32.4     15.75      27.2 MSpapa   0  0  0  0  0
     37.53     18.27      27.9 MSpapp   0  0  0  0  0
     29.52     13.41      20.1 MSppaa   0  0  0  0  0
     34.11     13.05      20.3 MSppap   0  0  0  0  0
     37.26     14.49      21.9 MSpppa   0  0  0  0  0
     40.77     14.31      21.9 MSpppp   0  0  0  0  0
     26.55     21.78      17.2 Eala   0  0  0  0  0
     33.48     20.97      19.2 Ealp   0  0  0  0  0
     27.63     15.93      14.1 Eara   0  0  0  0  0
     36.09     14.85      15.1 Earp   0  0  0  0  0
     36.18     22.68      14.3 Epla   0  0  0  0  0
     41.76     25.74      15.2 Eplp   0  0  0  0  0
     40.14     17.01      15.2 Epra   0  0  0  0  0
     44.82     21.06      16.0 Eprp   0  0  0  0  0
      37.8     21.15       5.8 Caaaa   0  0  0  0  0
     43.47     23.94       7.5 Caaap   0  0  0  0  0
     46.89     26.91       8.2 Caap   0  0  0  0  0
     46.53     30.15      20.2 Capa   0  0  0  0  0
     46.62     28.35      16.0 Capp   0  0  0  0  0
     43.74     12.87       5.2 Cpaaa   0  0  0  0  0
     47.88     17.19       9.1 Cpaap   0  0  0  0  0
     49.95     20.25       7.9 Cpapa   0  0  0  0  0
     51.12     24.84      14.0 Cpapp   0  0  0  0  0
     49.68     17.37      23.0 Cppa   0  0  0  0  0
     49.59     22.14      18.1 Cppp   0  0  0  0  0
     38.61     25.56      27.0 Daa   0  0  0  0  0
     44.91     25.47      25.2 Dap   0  0  0  0  0
     43.38     16.47      27.3 Dpa   0  0  0  0  0
     47.97     22.05      25.2 Dpp   0  0  0  0  0
     41.67     20.16      24.0  Z2   0  0  0  0  0
     36.27     22.14      24.0  Z3   0  0  0  0  0
 1  9  1  0  0  0  0
M END
$$$$