130619PHA4p2_083
kurekaoru/ZhaoLAB_HKBU/161117

102  0  0  0  0  0  0  0  0  0  0 V2000
     12.42     16.65      14.4 ABalaaaa   0  0  0  0  0
     16.11     14.94      13.2 ABalaaap   0  0  0  0  0
     19.08      17.1      16.2 ABalaapa   0  0  0  0  0
     21.42     12.78      14.3 ABalaapp   0  0  0  0  0
     14.67     18.18       6.1 ABalapaa   0  0  0  0  0
     19.53     16.47       5.2 ABalapap   0  0  0  0  0
     20.79     18.63      10.3 ABalappa   0  0  0  0  0
     25.38     19.62      11.1 ABalappp   0  0  0  0  0
     11.16      20.7      17.1 ABalpaaa   0  0  0  0  0
     13.59     23.76      12.2 ABalpaap   0  0  0  0  0
     12.33      24.3      19.3 ABalpapa   0  0  0  0  0
     16.02     26.64      23.1 ABalpapp   0  0  0  0  0
     14.22     29.16      13.2 ABalppaa   0  0  0  0  0
     17.91      28.8      17.0 ABalppap   0  0  0  0  0
     19.17     24.93      12.1 ABalpppa   0  0  0  0  0
      23.4     28.35      18.2 ABalpppp   0  0  0  0  0
     14.04     14.67      21.2 ABaraaaa   0  0  0  0  0
     18.36     12.06      21.0 ABaraaap   0  0  0  0  0
      17.1     18.36      27.3 ABaraapa   0  0  0  0  0
     23.49     17.73      28.2 ABaraapp   0  0  0  0  0
     20.88     11.97      26.0 ABarapaa   0  0  0  0  0
     27.99     10.89      26.2 ABarapap   0  0  0  0  0
     26.37      8.28      20.2 ABarappa   0  0  0  0  0
     31.05      9.63      20.1 ABarappp   0  0  0  0  0
     18.27     12.06       7.3 ABarpaaa   0  0  0  0  0
     24.66     13.59       5.1 ABarpaap   0  0  0  0  0
     23.76     10.08       9.0 ABarpapa   0  0  0  0  0
     29.61     10.44      11.1 ABarpapp   0  0  0  0  0
     29.88     12.33       4.1 ABarppaa   0  0  0  0  0
     30.15     19.26       7.0 ABarppap   0  0  0  0  0
     33.21     13.32       8.2 ABarpppa   0  0  0  0  0
     38.34     15.21      11.2 ABarpppp   0  0  0  0  0
     17.19     23.94       5.2 ABplaaaa   0  0  0  0  0
     21.96     22.77       6.0 ABplaaap   0  0  0  0  0
     19.89     27.72       6.1 ABplaapa   0  0  0  0  0
     27.09     28.53      12.1 ABplaapp   0  0  0  0  0
     25.74     24.48       5.0 ABplapaa   0  0  0  0  0
     31.77     27.27       6.1 ABplapap   0  0  0  0  0
     31.86      31.5       9.0 ABplappa   0  0  0  0  0
      36.9     29.79       5.2 ABplappp   0  0  0  0  0
     20.61      32.4      17.0 ABplpaaa   0  0  0  0  0
     23.58     32.94      11.1 ABplpaap   0  0  0  0  0
     24.84     33.21      20.3 ABplpapa   0  0  0  0  0
     30.06     33.39      19.3 ABplpapp   0  0  0  0  0
      27.9     34.47      12.0 ABplppaa   0  0  0  0  0
     32.85     33.48      14.2 ABplppap   0  0  0  0  0
     36.63     33.93      11.2 ABplpppa   0  0  0  0  0
     38.97     33.84      18.2 ABplpppp   0  0  0  0  0
     22.32      7.83      14.1 ABpraaaa   0  0  0  0  0
      27.9      6.21      12.1 ABpraaap   0  0  0  0  0
     33.21       6.3      15.0 ABpraapa   0  0  0  0  0
     37.44      8.82      13.3 ABpraapp   0  0  0  0  0
     34.29      8.28       5.0 ABprapaa   0  0  0  0  0
     41.76       9.0       8.2 ABprapap   0  0  0  0  0
      45.0     10.89      14.2 ABprappa   0  0  0  0  0
     47.16     16.29      16.1 ABprappp   0  0  0  0  0
      34.2      7.02      22.3 ABprpaaa   0  0  0  0  0
     38.97      6.39      18.2 ABprpaap   0  0  0  0  0
     38.43      9.09      25.3 ABprpapa   0  0  0  0  0
     42.57      10.8      26.3 ABprpapp   0  0  0  0  0
     43.02      7.47      18.1 ABprppaa   0  0  0  0  0
     44.82     11.16      20.3 ABprppap   0  0  0  0  0
     48.42     13.14      21.2 ABprpppa   0  0  0  0  0
     47.16     16.65      26.2 ABprpppp   0  0  0  0  0
     14.85     19.62      21.1 MSaaaa   0  0  0  0  0
     19.62     22.41      23.1 MSaaap   0  0  0  0  0
     21.87     23.49      28.1 MSaapa   0  0  0  0  0
     31.14     25.56      28.9 MSaapp   0  0  0  0  0
     21.87     25.74      22.1 MSapaa   0  0  0  0  0
     27.99     26.28      23.1 MSapap   0  0  0  0  0
     30.69     28.26      21.0 MSappa   0  0  0  0  0
     34.92     29.16      18.9 MSappp   0  0  0  0  0
     22.68     13.86      21.3 MSpaaa   0  0  0  0  0
      28.8      17.1      24.9 MSpaap   0  0  0  0  0
     31.14     16.29      28.2 MSpapa   0  0  0  0  0
     36.63     21.78      28.2 MSpapp   0  0  0  0  0
     32.85     13.32      22.4 MSppaa   0  0  0  0  0
     37.53     14.49      22.1 MSppap   0  0  0  0  0
     40.14     16.47      24.3 MSpppa   0  0  0  0  0
     43.47     19.08      23.0 MSpppp   0  0  0  0  0
     25.38     21.06      18.1 Eala   0  0  0  0  0
      33.3     22.41      23.0 Ealp   0  0  0  0  0
     28.35     14.76      16.2 Eara   0  0  0  0  0
     35.01     16.74      17.1 Earp   0  0  0  0  0
      33.3     23.67      14.1 Epla   0  0  0  0  0
     39.87     26.46      13.1 Eplp   0  0  0  0  0
     39.96     19.44      18.0 Epra   0  0  0  0  0
     45.72      23.4      16.1 Eprp   0  0  0  0  0
     38.52     20.61       6.8 Caaa   0  0  0  0  0
     42.84     23.22       5.0 Caap   0  0  0  0  0
     42.03     32.04      10.1 Capa   0  0  0  0  0
     46.62     29.07      11.1 Capp   0  0  0  0  0
     45.18      18.0       8.1 Cpaa   0  0  0  0  0
     48.78     23.04       8.3 Cpap   0  0  0  0  0
     49.77     19.98      21.3 Cppa   0  0  0  0  0
      50.4     25.65      17.1 Cppp   0  0  0  0  0
     38.43     29.88      23.1 Daa   0  0  0  0  0
     44.19     29.88      21.1 Dap   0  0  0  0  0
     44.37     22.68      27.3 Dpa   0  0  0  0  0
     46.62     25.83      24.2 Dpp   0  0  0  0  0
     40.86     23.22      24.2  Z2   0  0  0  0  0
     35.55     26.01      23.3  Z3   0  0  0  0  0
 1  9  1  0  0  0  0
M END
$$$$