130619PHA4p2_086
kurekaoru/ZhaoLAB_HKBU/161117

105  0  0  0  0  0  0  0  0  0  0 V2000
     12.87     17.73      13.9 ABalaaaa   0  0  0  0  0
     14.67     15.48      10.2 ABalaaap   0  0  0  0  0
     18.27     14.31      13.8 ABalaapa   0  0  0  0  0
     22.23     13.23      12.3 ABalaapp   0  0  0  0  0
      15.3     21.15       6.1 ABalapaa   0  0  0  0  0
     19.71     20.61       6.0 ABalapap   0  0  0  0  0
     20.43     19.89      11.1 ABalappa   0  0  0  0  0
     25.56      21.6      11.9 ABalappp   0  0  0  0  0
     11.43     20.25      18.8 ABalpaaa   0  0  0  0  0
     14.04     24.84      15.1 ABalpaap   0  0  0  0  0
     12.51     23.85      21.9 ABalpapa   0  0  0  0  0
     16.83     25.74      24.2 ABalpapp   0  0  0  0  0
     14.58     29.61      19.1 ABalppaa   0  0  0  0  0
     18.45     29.43      15.1 ABalppap   0  0  0  0  0
     18.63     26.73      10.2 ABalpppa   0  0  0  0  0
     22.95     27.81      16.2 ABalpppp   0  0  0  0  0
     14.13     14.58      20.2 ABaraaaa   0  0  0  0  0
     18.09     12.24      21.0 ABaraaap   0  0  0  0  0
     17.01     18.63      27.1 ABaraapa   0  0  0  0  0
     24.03     17.82      27.2 ABaraapp   0  0  0  0  0
     21.42     13.14      27.0 ABarapaa   0  0  0  0  0
     27.45     11.79      26.1 ABarapap   0  0  0  0  0
     25.47      8.37      21.3 ABarappa   0  0  0  0  0
     30.15      9.72      18.1 ABarappp   0  0  0  0  0
     18.27     14.49       5.9 ABarpaaa   0  0  0  0  0
     24.84     16.56       6.1 ABarpaap   0  0  0  0  0
     23.22     10.89       7.0 ABarpapa   0  0  0  0  0
     29.34     10.98      10.1 ABarpapp   0  0  0  0  0
     30.78     18.72       5.9 ABarppaa   0  0  0  0  0
      32.4     24.66       8.1 ABarppap   0  0  0  0  0
     33.57     14.04       7.1 ABarpppa   0  0  0  0  0
     39.15     15.75      10.2 ABarpppp   0  0  0  0  0
     19.17     25.74       6.0 ABplaaaa   0  0  0  0  0
     25.02      25.2       6.0 ABplaaap   0  0  0  0  0
     22.23     29.88       7.9 ABplaapa   0  0  0  0  0
     26.82      30.6      12.9 ABplaapp   0  0  0  0  0
     28.53     29.25       4.9 ABplapaa   0  0  0  0  0
     34.74     29.52       7.0 ABplapap   0  0  0  0  0
     32.94     33.75      11.1 ABplappa   0  0  0  0  0
     39.33     31.23       9.9 ABplappp   0  0  0  0  0
      20.7     32.49      20.2 ABplpaaa   0  0  0  0  0
     23.67     34.11      15.0 ABplpaap   0  0  0  0  0
     24.66     32.49      23.9 ABplpapa   0  0  0  0  0
     29.61     32.85      23.2 ABplpapp   0  0  0  0  0
      28.8      35.1      17.0 ABplppaa   0  0  0  0  0
     33.57     33.66      19.1 ABplppap   0  0  0  0  0
     36.99     35.01      15.9 ABplpppa   0  0  0  0  0
     38.97     33.03      22.4 ABplpppp   0  0  0  0  0
      22.5       8.1      14.0 ABpraaaa   0  0  0  0  0
     26.73      7.47      11.9 ABpraaap   0  0  0  0  0
     31.32      6.66      12.4 ABpraapa   0  0  0  0  0
     36.72      8.28      14.3 ABpraapp   0  0  0  0  0
     34.83      9.27       5.0 ABprapaa   0  0  0  0  0
     40.86       9.9       9.0 ABprapap   0  0  0  0  0
     44.28     10.53      13.2 ABprappa   0  0  0  0  0
     47.79     16.29      15.9 ABprappp   0  0  0  0  0
     32.76      7.11      21.9 ABprpaaa   0  0  0  0  0
     37.89      6.75      20.3 ABprpaap   0  0  0  0  0
     36.18      9.63      27.0 ABprpapa   0  0  0  0  0
     41.58     11.43      25.3 ABprpapp   0  0  0  0  0
     41.85      7.47      19.1 ABprppaa   0  0  0  0  0
     43.92     10.62      20.1 ABprppap   0  0  0  0  0
     47.88      12.6      19.8 ABprpppa   0  0  0  0  0
     47.79     15.12      24.4 ABprpppp   0  0  0  0  0
     15.39     18.81      20.2 MSaaaa   0  0  0  0  0
     20.25      20.7      22.3 MSaaap   0  0  0  0  0
     22.14     23.85      27.2 MSaapa   0  0  0  0  0
     30.51     24.57      28.8 MSaapp   0  0  0  0  0
     22.59     24.12      22.0 MSapaa   0  0  0  0  0
      27.9     25.92      22.9 MSapap   0  0  0  0  0
     31.32     26.82      21.2 MSappa   0  0  0  0  0
      35.1     29.07      20.9 MSappp   0  0  0  0  0
     23.31     14.22      19.1 MSpaaa   0  0  0  0  0
     28.17     17.19      24.1 MSpaap   0  0  0  0  0
     31.95     16.47      28.2 MSpapa   0  0  0  0  0
     37.26     20.07      28.8 MSpapp   0  0  0  0  0
     31.41     13.86      22.0 MSppaa   0  0  0  0  0
      36.0     13.95      21.1 MSppap   0  0  0  0  0
     39.15     16.29      23.0 MSpppa   0  0  0  0  0
     43.02     17.37      22.0 MSpppp   0  0  0  0  0
     25.02     21.15      17.1 Eala   0  0  0  0  0
     33.03     21.51      22.2 Ealp   0  0  0  0  0
     28.35     16.11      15.0 Eara   0  0  0  0  0
      36.0     16.29      15.3 Earp   0  0  0  0  0
     34.02     24.48      14.2 Epla   0  0  0  0  0
     40.86     27.18      15.2 Eplp   0  0  0  0  0
     40.23     18.27      17.1 Epra   0  0  0  0  0
      45.9     23.13      15.4 Eprp   0  0  0  0  0
     37.08     20.88       7.0 Caaaa   0  0  0  0  0
     41.22     22.86       7.2 Caaap   0  0  0  0  0
     46.35     27.27       7.1 Caap   0  0  0  0  0
      43.2     32.85      14.3 Capa   0  0  0  0  0
     45.72      29.7      17.0 Capp   0  0  0  0  0
     43.74     13.68       6.9 Cpaaa   0  0  0  0  0
     47.97     17.64       8.0 Cpaap   0  0  0  0  0
     49.14     21.78       7.8 Cpapa   0  0  0  0  0
      49.5     26.55      14.0 Cpapp   0  0  0  0  0
     49.59     19.53      22.3 Cppa   0  0  0  0  0
     49.95     24.84      19.1 Cppp   0  0  0  0  0
     37.08     28.53      27.1 Daa   0  0  0  0  0
     44.28     29.25      25.0 Dap   0  0  0  0  0
     43.38     19.89      28.0 Dpa   0  0  0  0  0
     47.88     25.02      25.1 Dpp   0  0  0  0  0
     40.68     22.41      24.2  Z2   0  0  0  0  0
     35.73     24.12      25.1  Z3   0  0  0  0  0
 1  9  1  0  0  0  0
M END
$$$$