130619PHA4p2_077
kurekaoru/ZhaoLAB_HKBU/161117

 96  0  0  0  0  0  0  0  0  0  0 V2000
     12.33     18.18      19.2 ABalaaaa   0  0  0  0  0
     14.67     17.37      15.0 ABalaaap   0  0  0  0  0
      17.1      19.8      18.0 ABalaapa   0  0  0  0  0
      22.5     19.35      17.1 ABalaapp   0  0  0  0  0
     14.31     14.67      10.1 ABalapaa   0  0  0  0  0
     18.63     13.86       7.9 ABalapap   0  0  0  0  0
     20.16     18.45      12.0 ABalappa   0  0  0  0  0
     25.56     19.62      11.2 ABalappp   0  0  0  0  0
     11.43     21.87      18.1 ABalpaaa   0  0  0  0  0
     13.05     23.85      13.9 ABalpaap   0  0  0  0  0
     13.14      27.0      20.1 ABalpapa   0  0  0  0  0
     18.27     29.34      20.2 ABalpapp   0  0  0  0  0
     13.59     27.54      10.3 ABalppaa   0  0  0  0  0
     17.64     29.97      11.1 ABalppap   0  0  0  0  0
     20.07     25.74      16.0 ABalpppa   0  0  0  0  0
     25.92     28.17      15.8 ABalpppp   0  0  0  0  0
     15.12     14.67      23.9 ABaraaaa   0  0  0  0  0
     18.81     14.85      20.2 ABaraaap   0  0  0  0  0
     18.45     17.37      28.2 ABaraapa   0  0  0  0  0
     25.65      18.9      28.2 ABaraapp   0  0  0  0  0
     20.97     11.52      24.0 ABarapaa   0  0  0  0  0
     26.46      12.6      27.9 ABarapap   0  0  0  0  0
     28.44      9.45      22.0 ABarappa   0  0  0  0  0
     32.49     11.61      26.0 ABarappp   0  0  0  0  0
      18.9     11.79      13.9 ABarpaaa   0  0  0  0  0
     23.49     12.24       7.0 ABarpaap   0  0  0  0  0
     24.03     12.69      14.1 ABarpapa   0  0  0  0  0
     30.15     11.34      13.2 ABarpapp   0  0  0  0  0
     28.53      9.63       7.0 ABarppaa   0  0  0  0  0
     30.69     16.11       8.0 ABarppap   0  0  0  0  0
     34.47     12.42      11.2 ABarpppa   0  0  0  0  0
     40.23     16.74      13.2 ABarpppp   0  0  0  0  0
     15.57     20.25       6.0 ABplaaaa   0  0  0  0  0
     21.24     19.17       5.1 ABplaaap   0  0  0  0  0
     18.09     24.66       6.1 ABplaapa   0  0  0  0  0
     24.39     27.27       8.1 ABplaapp   0  0  0  0  0
     25.83     18.81       6.0 ABplapaa   0  0  0  0  0
     29.97     24.12       7.0 ABplapap   0  0  0  0  0
     29.79     28.44       8.2 ABplappa   0  0  0  0  0
     35.55     29.16       7.1 ABplappp   0  0  0  0  0
      20.7     32.22      15.3 ABplpaaa   0  0  0  0  0
     24.39     32.31      10.1 ABplpaap   0  0  0  0  0
     24.75     33.57      17.3 ABplpapa   0  0  0  0  0
      30.6     33.48      15.3 ABplpapp   0  0  0  0  0
     27.54     33.48       8.1 ABplppaa   0  0  0  0  0
     33.12     33.12       8.3 ABplppap   0  0  0  0  0
     36.54     33.75      11.1 ABplpppa   0  0  0  0  0
     37.71     34.02      18.1 ABplpppp   0  0  0  0  0
     23.22      8.28      16.9 ABpraaaa   0  0  0  0  0
     29.97      6.75      14.1 ABpraaap   0  0  0  0  0
     32.31      6.66      18.3 ABpraapa   0  0  0  0  0
     37.89      9.09      15.1 ABpraapp   0  0  0  0  0
      34.2      8.55       7.1 ABprapaa   0  0  0  0  0
     40.77     10.26       8.1 ABprapap   0  0  0  0  0
     44.73     11.07      13.4 ABprappa   0  0  0  0  0
     46.53     16.92      16.2 ABprappp   0  0  0  0  0
     35.82      7.74      25.2 ABprpaaa   0  0  0  0  0
     41.49      7.38      17.2 ABprpaap   0  0  0  0  0
     40.95      9.81      25.0 ABprpapa   0  0  0  0  0
     44.91     13.23      26.1 ABprpapp   0  0  0  0  0
     44.46      8.73      19.9 ABprppaa   0  0  0  0  0
     47.79     13.23      19.0 ABprppap   0  0  0  0  0
      49.5     16.38      21.2 ABprpppa   0  0  0  0  0
     48.78     20.61      26.0 ABprpppp   0  0  0  0  0
     14.58     22.41      24.1 MSaaaa   0  0  0  0  0
      19.8     24.39      27.2 MSaaap   0  0  0  0  0
     23.94     23.67      26.3 MSaapa   0  0  0  0  0
     31.05     25.38      28.0 MSaapp   0  0  0  0  0
     23.13     28.26      23.1 MSapaa   0  0  0  0  0
     27.99     30.24      24.2 MSapap   0  0  0  0  0
     31.05     30.06      22.1 MSappa   0  0  0  0  0
     35.46      30.6      22.2 MSappp   0  0  0  0  0
     23.58     15.48      22.1 MSpaaa   0  0  0  0  0
      29.7     16.74      24.8 MSpaap   0  0  0  0  0
     32.58      18.0      27.2 MSpapa   0  0  0  0  0
     37.44     23.22      27.9 MSpapp   0  0  0  0  0
     36.27     12.87      25.1 MSppaa   0  0  0  0  0
     39.33     16.83      25.0 MSppap   0  0  0  0  0
     42.48     17.55      26.2 MSpppa   0  0  0  0  0
     44.37     22.23      27.0 MSpppp   0  0  0  0  0
     29.43     22.14      19.0 Eal   0  0  0  0  0
     33.21     16.56      18.0 Ear   0  0  0  0  0
     36.72     25.47      14.0 Epl   0  0  0  0  0
     42.84     23.13      17.2 Epr   0  0  0  0  0
     37.26     18.72       5.8 Caaa   0  0  0  0  0
     43.02     23.76       5.1 Caap   0  0  0  0  0
     40.41     29.52       6.0 Capa   0  0  0  0  0
     44.55     31.23      12.1 Capp   0  0  0  0  0
     45.27     15.48       7.0 Cpaa   0  0  0  0  0
      48.6     22.95       9.2 Cpap   0  0  0  0  0
      50.4     20.79      18.1 Cppa   0  0  0  0  0
     48.33     27.09      15.9 Cppp   0  0  0  0  0
     40.59     30.78      20.2  Da   0  0  0  0  0
     46.98     27.63      23.1  Dp   0  0  0  0  0
     42.93     25.83      27.0  Z2   0  0  0  0  0
     34.65      27.0      25.3  Z3   0  0  0  0  0
 1  9  1  0  0  0  0
M END
$$$$