130619PHA4p2_084
kurekaoru/ZhaoLAB_HKBU/161117

103  0  0  0  0  0  0  0  0  0  0 V2000
      12.6     16.74      14.9 ABalaaaa   0  0  0  0  0
     15.21     14.49      12.2 ABalaaap   0  0  0  0  0
     18.63      16.2      15.1 ABalaapa   0  0  0  0  0
     21.69     12.15      13.1 ABalaapp   0  0  0  0  0
     14.94      18.9       6.1 ABalapaa   0  0  0  0  0
     19.44     18.09       5.3 ABalapap   0  0  0  0  0
      20.7     19.44      11.0 ABalappa   0  0  0  0  0
     25.65     20.61      10.1 ABalappp   0  0  0  0  0
     11.16     20.43      17.8 ABalpaaa   0  0  0  0  0
      13.5     24.21      13.2 ABalpaap   0  0  0  0  0
     12.42      24.3      20.1 ABalpapa   0  0  0  0  0
     16.65     26.28      23.9 ABalpapp   0  0  0  0  0
     14.22     29.61      15.0 ABalppaa   0  0  0  0  0
     18.18     29.16      14.1 ABalppap   0  0  0  0  0
     18.81      25.2      11.1 ABalpppa   0  0  0  0  0
     23.31     27.81      18.0 ABalpppp   0  0  0  0  0
     14.13     14.58      21.0 ABaraaaa   0  0  0  0  0
     18.27     11.79      20.2 ABaraaap   0  0  0  0  0
     17.01     18.54      27.2 ABaraapa   0  0  0  0  0
     23.13     17.64      28.1 ABaraapp   0  0  0  0  0
     20.88     12.33      26.1 ABarapaa   0  0  0  0  0
     27.72     11.43      25.4 ABarapap   0  0  0  0  0
     26.28      7.83      21.1 ABarappa   0  0  0  0  0
     30.51      9.63      19.1 ABarappp   0  0  0  0  0
     18.09     13.14       6.1 ABarpaaa   0  0  0  0  0
     24.75      15.3       5.1 ABarpaap   0  0  0  0  0
     23.85       9.9       7.2 ABarpapa   0  0  0  0  0
     29.79     10.53      10.2 ABarpapp   0  0  0  0  0
     30.24     15.66       5.1 ABarppaa   0  0  0  0  0
     31.32     21.78       7.1 ABarppap   0  0  0  0  0
     33.12     13.86       8.2 ABarpppa   0  0  0  0  0
     38.25     15.39      10.1 ABarpppp   0  0  0  0  0
      18.0      24.3       5.1 ABplaaaa   0  0  0  0  0
     22.95     24.21       5.3 ABplaaap   0  0  0  0  0
     21.15     29.52       6.2 ABplaapa   0  0  0  0  0
     27.09     29.16      12.3 ABplaapp   0  0  0  0  0
     26.91      27.0       5.0 ABplapaa   0  0  0  0  0
     32.76     28.62       5.2 ABplapap   0  0  0  0  0
     32.31     32.04      10.0 ABplappa   0  0  0  0  0
     37.98     30.24       8.1 ABplappp   0  0  0  0  0
     20.79     32.49      18.2 ABplpaaa   0  0  0  0  0
     23.76     33.66      12.2 ABplpaap   0  0  0  0  0
     24.93     32.94      21.0 ABplpapa   0  0  0  0  0
      29.7     33.21      21.1 ABplpapp   0  0  0  0  0
      28.8     34.83      13.1 ABplppaa   0  0  0  0  0
     33.21     33.48      16.9 ABplppap   0  0  0  0  0
     36.54     34.65      13.0 ABplpppa   0  0  0  0  0
     38.88      33.3      20.0 ABplpppp   0  0  0  0  0
     22.41      8.01      13.4 ABpraaaa   0  0  0  0  0
     27.54      6.75      12.2 ABpraaap   0  0  0  0  0
      32.4      6.39      14.1 ABpraapa   0  0  0  0  0
     37.35      8.82      14.2 ABpraapp   0  0  0  0  0
     34.38      8.55       5.0 ABprapaa   0  0  0  0  0
     41.31      8.82       9.1 ABprapap   0  0  0  0  0
     44.91     11.25      14.0 ABprappa   0  0  0  0  0
     47.16     16.38      15.2 ABprappp   0  0  0  0  0
     33.66      7.02      22.2 ABprpaaa   0  0  0  0  0
     39.06      6.75      20.0 ABprpaap   0  0  0  0  0
      37.8      9.27      26.0 ABprpapa   0  0  0  0  0
     42.12     10.98      26.3 ABprpapp   0  0  0  0  0
     42.84      7.47      18.1 ABprppaa   0  0  0  0  0
     44.37     11.25      20.1 ABprppap   0  0  0  0  0
     48.42     13.14      20.2 ABprpppa   0  0  0  0  0
     47.25     16.02      25.2 ABprpppp   0  0  0  0  0
     14.94     19.53      20.2 MSaaaa   0  0  0  0  0
      19.8     21.87      22.2 MSaaap   0  0  0  0  0
     21.78     23.76      27.3 MSaapa   0  0  0  0  0
     30.96     25.11      28.2 MSaapp   0  0  0  0  0
     22.23     24.93      22.1 MSapaa   0  0  0  0  0
      27.9     25.47      23.1 MSapap   0  0  0  0  0
      30.6     27.63      20.9 MSappa   0  0  0  0  0
     34.74     28.89      19.1 MSappp   0  0  0  0  0
     22.59     14.67      21.0 MSpaaa   0  0  0  0  0
     28.62      17.1      24.8 MSpaap   0  0  0  0  0
      31.5     16.11      28.1 MSpapa   0  0  0  0  0
     36.81     21.15      28.1 MSpapp   0  0  0  0  0
     32.31     13.32      22.1 MSppaa   0  0  0  0  0
     36.99     14.13      22.0 MSppap   0  0  0  0  0
     39.42     15.93      23.1 MSpppa   0  0  0  0  0
     43.47      18.0      21.9 MSpppp   0  0  0  0  0
     24.84     21.06      18.0 Eala   0  0  0  0  0
     33.21     21.78      22.1 Ealp   0  0  0  0  0
     28.08     15.03      15.3 Eara   0  0  0  0  0
     35.82     16.74      16.0 Earp   0  0  0  0  0
     33.66     23.85      13.1 Epla   0  0  0  0  0
     40.32      27.9      14.0 Eplp   0  0  0  0  0
     39.87     18.99      17.0 Epra   0  0  0  0  0
     45.81     23.76      16.3 Eprp   0  0  0  0  0
     38.79     20.97       7.0 Caaa   0  0  0  0  0
      44.1     26.46       5.2 Caap   0  0  0  0  0
     42.48     32.67      11.3 Capa   0  0  0  0  0
     46.17     29.61      12.4 Capp   0  0  0  0  0
     42.39      13.5       6.3 Cpaaa   0  0  0  0  0
     46.26     18.81       8.8 Cpaap   0  0  0  0  0
      48.6     22.86      10.0 Cpap   0  0  0  0  0
     49.23     19.98      22.0 Cppa   0  0  0  0  0
     50.31     25.29      17.3 Cppp   0  0  0  0  0
     37.62     29.88      25.2 Daa   0  0  0  0  0
     44.28     29.61      23.1 Dap   0  0  0  0  0
     43.74     20.88      27.4 Dpa   0  0  0  0  0
     47.34     25.11      25.1 Dpp   0  0  0  0  0
     40.59     22.68      24.1  Z2   0  0  0  0  0
     35.46     25.02      24.0  Z3   0  0  0  0  0
 1  9  1  0  0  0  0
M END
$$$$