130619PHA4p2_057
kurekaoru/ZhaoLAB_HKBU/161117

 51  0  0  0  0  0  0  0  0  0  0 V2000
      12.6     18.99      13.7 ABalaaa   0  0  0  0  0
      12.6     23.31      19.1 ABalaap   0  0  0  0  0
     16.38     16.92       9.0 ABalapa   0  0  0  0  0
     20.16     20.52      17.9 ABalapp   0  0  0  0  0
     14.31     25.74      10.9 ABalpaa   0  0  0  0  0
     18.09     30.42      18.0 ABalpap   0  0  0  0  0
     19.26     30.69       9.8 ABalppa   0  0  0  0  0
     26.19     32.49      16.8 ABalppp   0  0  0  0  0
     15.93     13.95      20.0 ABaraaa   0  0  0  0  0
      18.9     17.82      27.1 ABaraap   0  0  0  0  0
     22.05     10.35      21.1 ABarapa   0  0  0  0  0
     28.26     12.15      27.2 ABarapp   0  0  0  0  0
     21.24      10.8       9.2 ABarpaa   0  0  0  0  0
     26.73     14.67      18.0 ABarpap   0  0  0  0  0
     29.97     11.16       8.2 ABarppa   0  0  0  0  0
     35.37     12.78      13.0 ABarppp   0  0  0  0  0
     20.43     18.27       6.9 ABplaaa   0  0  0  0  0
     23.49     25.29      11.1 ABplaap   0  0  0  0  0
     26.64      18.9       8.9 ABplapa   0  0  0  0  0
     31.14     26.64       8.0 ABplapp   0  0  0  0  0
     27.45     31.95       8.8 ABplpaa   0  0  0  0  0
     33.75     34.38      17.0 ABplpap   0  0  0  0  0
     33.84     31.14       7.6 ABplppa   0  0  0  0  0
      39.6     33.93      13.3 ABplppp   0  0  0  0  0
     27.99      7.47      16.7 ABpraaa   0  0  0  0  0
     34.02      9.18      21.2 ABpraap   0  0  0  0  0
      37.8      7.65      11.1 ABprapa   0  0  0  0  0
     44.55      10.8      15.1 ABprapp   0  0  0  0  0
     39.87      8.01      23.0 ABprpaa   0  0  0  0  0
     42.84     14.67      26.8 ABprpap   0  0  0  0  0
     47.52     13.14      20.9 ABprppa   0  0  0  0  0
     48.06     18.63      24.3 ABprppp   0  0  0  0  0
     15.39     24.93      25.9 MSaaa   0  0  0  0  0
     24.75     25.38      27.1 MSaap   0  0  0  0  0
     23.49     30.69      24.8 MSapa   0  0  0  0  0
     29.79     30.69      26.9 MSapp   0  0  0  0  0
     23.85     18.81      26.0 MSpaa   0  0  0  0  0
     32.58     22.59      28.0 MSpap   0  0  0  0  0
     35.01     15.12      28.8 MSppa   0  0  0  0  0
     38.52     20.97      27.9 MSppp   0  0  0  0  0
     30.51     27.54      19.2 Eal   0  0  0  0  0
     32.85     20.07      18.2 Ear   0  0  0  0  0
     38.34     28.35      13.1 Epl   0  0  0  0  0
     41.31      21.6      21.0 Epr   0  0  0  0  0
      36.0     19.53       9.0 Caa   0  0  0  0  0
     41.13      26.1       8.8 Cap   0  0  0  0  0
     44.01     16.83      10.1 Cpa   0  0  0  0  0
     49.59     23.58      14.1 Cpp   0  0  0  0  0
      45.9     31.95      16.9  Da   0  0  0  0  0
     48.24     25.38      27.7  Dp   0  0  0  0  0
      42.3     28.98      26.2  P4   0  0  0  0  0
 1  9  1  0  0  0  0
M END
$$$$