130619PHA4p2_080
kurekaoru/ZhaoLAB_HKBU/161117

 98  0  0  0  0  0  0  0  0  0  0 V2000
      12.6     16.38      16.3 ABalaaaa   0  0  0  0  0
     16.47     15.21      15.9 ABalaaap   0  0  0  0  0
     18.45     18.81      18.0 ABalaapa   0  0  0  0  0
     22.32     14.67      16.0 ABalaapp   0  0  0  0  0
     15.21     14.13       9.0 ABalapaa   0  0  0  0  0
     19.62     14.94       6.2 ABalapap   0  0  0  0  0
      20.7     18.36      11.0 ABalappa   0  0  0  0  0
     25.92     19.71      11.2 ABalappp   0  0  0  0  0
     11.61     20.34      18.1 ABalpaaa   0  0  0  0  0
     12.78     22.32      12.0 ABalpaap   0  0  0  0  0
     12.33     25.38      19.2 ABalpapa   0  0  0  0  0
     16.29     28.71      21.3 ABalpapp   0  0  0  0  0
     14.13     26.82       9.3 ABalppaa   0  0  0  0  0
     16.83     29.25      13.1 ABalppap   0  0  0  0  0
     19.26     24.03      15.1 ABalpppa   0  0  0  0  0
     24.12     27.63      18.0 ABalpppp   0  0  0  0  0
     15.03     14.31      23.0 ABaraaaa   0  0  0  0  0
     19.17     13.86      22.1 ABaraaap   0  0  0  0  0
     17.82     17.46      28.2 ABaraapa   0  0  0  0  0
     23.85     17.55      28.4 ABaraapp   0  0  0  0  0
     21.15     10.35      24.2 ABarapaa   0  0  0  0  0
     26.82     11.52      26.2 ABarapap   0  0  0  0  0
     27.63       8.1      21.3 ABarappa   0  0  0  0  0
     32.22     10.53      24.3 ABarappp   0  0  0  0  0
     19.44     10.44      10.1 ABarpaaa   0  0  0  0  0
     24.57     12.24       6.1 ABarpaap   0  0  0  0  0
     24.84     11.88      13.0 ABarpapa   0  0  0  0  0
     30.24     10.62      12.2 ABarpapp   0  0  0  0  0
     29.52     10.98       5.1 ABarppaa   0  0  0  0  0
     30.06     17.91       7.0 ABarppap   0  0  0  0  0
     34.38     12.42       9.2 ABarpppa   0  0  0  0  0
     39.06     15.75      13.1 ABarpppp   0  0  0  0  0
     16.29     21.51       6.1 ABplaaaa   0  0  0  0  0
     21.51     21.06       5.2 ABplaaap   0  0  0  0  0
     19.17     26.46       6.0 ABplaapa   0  0  0  0  0
     24.93     28.44      10.1 ABplaapp   0  0  0  0  0
     25.83     21.87       5.2 ABplapaa   0  0  0  0  0
     30.06     24.93       8.0 ABplapap   0  0  0  0  0
      30.6     29.25      10.0 ABplappa   0  0  0  0  0
     35.64     29.97       6.9 ABplappp   0  0  0  0  0
     20.52     31.86      16.1 ABplpaaa   0  0  0  0  0
     24.03     32.67      11.9 ABplpaap   0  0  0  0  0
     23.76     32.94      20.8 ABplpapa   0  0  0  0  0
     29.25     33.57      18.1 ABplpapp   0  0  0  0  0
     27.45     33.57       9.1 ABplppaa   0  0  0  0  0
      32.4     33.75      12.0 ABplppap   0  0  0  0  0
     37.17     33.21      11.0 ABplpppa   0  0  0  0  0
     36.81     34.11      18.0 ABplpppp   0  0  0  0  0
     23.22      7.74      16.0 ABpraaaa   0  0  0  0  0
     29.52      6.21      13.1 ABpraaap   0  0  0  0  0
     33.12      6.48      17.2 ABpraapa   0  0  0  0  0
     38.16      9.54      15.2 ABpraapp   0  0  0  0  0
     35.28      7.74       6.9 ABprapaa   0  0  0  0  0
     41.22       9.9       8.1 ABprapap   0  0  0  0  0
     44.91     11.34      14.3 ABprappa   0  0  0  0  0
     47.34     16.65      16.9 ABprappp   0  0  0  0  0
     35.55      7.47      25.0 ABprpaaa   0  0  0  0  0
     40.41      6.66      18.2 ABprpaap   0  0  0  0  0
     40.68       9.0      25.1 ABprpapa   0  0  0  0  0
     43.65     12.33      27.1 ABprpapp   0  0  0  0  0
     44.46      8.28      19.9 ABprppaa   0  0  0  0  0
     46.71     12.51      21.0 ABprppap   0  0  0  0  0
      49.5      15.3      22.1 ABprpppa   0  0  0  0  0
     48.96     19.53      26.1 ABprpppp   0  0  0  0  0
     13.86     20.88      23.1 MSaaaa   0  0  0  0  0
      18.9     23.94      26.9 MSaaap   0  0  0  0  0
     22.68     23.22      28.1 MSaapa   0  0  0  0  0
      31.5     25.83      29.1 MSaapp   0  0  0  0  0
      21.6     27.36      23.9 MSapaa   0  0  0  0  0
     28.53     27.72      25.2 MSapap   0  0  0  0  0
     30.42     28.98      21.2 MSappa   0  0  0  0  0
     35.73     30.78      22.9 MSappp   0  0  0  0  0
     23.76     14.85      22.9 MSpaaa   0  0  0  0  0
     29.79     16.38      25.0 MSpaap   0  0  0  0  0
     32.31     17.28      28.2 MSpapa   0  0  0  0  0
     37.26     22.68      28.9 MSpapp   0  0  0  0  0
     35.82     12.24      25.2 MSppaa   0  0  0  0  0
     38.61     17.01      23.9 MSppap   0  0  0  0  0
     42.21     16.56      25.9 MSpppa   0  0  0  0  0
     43.92     20.97      27.8 MSpppp   0  0  0  0  0
     26.28     22.05      20.0 Eala   0  0  0  0  0
     32.67      23.4      22.3 Ealp   0  0  0  0  0
     32.31      16.2      17.2 Ear   0  0  0  0  0
      36.0     25.02      13.2 Epl   0  0  0  0  0
     41.94     21.69      18.9 Epra   0  0  0  0  0
     44.91     24.48      17.1 Eprp   0  0  0  0  0
     37.89     19.71       6.3 Caaa   0  0  0  0  0
     43.38     23.31       5.1 Caap   0  0  0  0  0
     41.13     29.61       6.1 Capa   0  0  0  0  0
     45.36     30.24      12.1 Capp   0  0  0  0  0
     44.55     15.57       8.0 Cpaa   0  0  0  0  0
     48.78     22.77       8.2 Cpap   0  0  0  0  0
      50.4     20.97      19.1 Cppa   0  0  0  0  0
     48.51     26.82      16.2 Cppp   0  0  0  0  0
     41.04     29.97      20.2  Da   0  0  0  0  0
     45.72     25.83      25.1  Dp   0  0  0  0  0
     41.94     24.39      28.0  Z2   0  0  0  0  0
     35.19     27.09      24.2  Z3   0  0  0  0  0
 1  9  1  0  0  0  0
M END
$$$$