130619PHA4p2_023
kurekaoru/ZhaoLAB_HKBU/161117

 15  0  0  0  0  0  0  0  0  0  0 V2000
     13.41     20.52      16.1 ABala   0  0  0  0  0
     19.44     29.79      14.2 ABalp   0  0  0  0  0
      20.7     15.84      25.5 ABara   0  0  0  0  0
     28.08      9.99      14.3 ABarp   0  0  0  0  0
     23.22     20.07      10.3 ABpla   0  0  0  0  0
     31.41     30.42      10.8 ABplp   0  0  0  0  0
     36.72     10.08      25.4 ABpra   0  0  0  0  0
     43.38     20.07      27.1 ABprp   0  0  0  0  0
     24.12     27.18      24.3 MSa   0  0  0  0  0
     30.78     23.67      25.4 MSp   0  0  0  0  0
     38.61     31.86      21.0  Ea   0  0  0  0  0
      44.1     27.72      17.6  Ep   0  0  0  0  0
     38.52     18.72      13.1  Ca   0  0  0  0  0
     39.51     15.57      12.2  Cp   0  0  0  0  0
     48.96     21.78      14.5  P3   0  0  0  0  0
 1  9  1  0  0  0  0
M END
$$$$