130619PHA4p2_091
kurekaoru/ZhaoLAB_HKBU/161117

132  0  0  0  0  0  0  0  0  0  0 V2000
      11.7      18.0      13.1 ABalaaaa   0  0  0  0  0
      14.4     13.95      12.0 ABalaaap   0  0  0  0  0
     16.92     10.71      12.1 ABalaapa   0  0  0  0  0
     21.51      13.5      13.0 ABalaapp   0  0  0  0  0
     14.22     24.48       8.1 ABalapaa   0  0  0  0  0
     18.63     22.59       7.1 ABalapap   0  0  0  0  0
     17.82     18.36      11.2 ABalappa   0  0  0  0  0
     21.33     18.63      11.3 ABalapppa   0  0  0  0  0
     25.47     20.52      11.0 ABalapppp   0  0  0  0  0
     13.32     18.54      21.3 ABalpaaa   0  0  0  0  0
     13.41     21.78      15.2 ABalpaapa   0  0  0  0  0
     16.11     25.38      19.1 ABalpaapp   0  0  0  0  0
     12.51     22.23      22.1 ABalpapaa   0  0  0  0  0
     16.83     23.04      24.3 ABalpapap   0  0  0  0  0
     17.82     23.49      29.0 ABalpappa   0  0  0  0  0
     23.13     26.64      27.1 ABalpappp   0  0  0  0  0
     16.02     27.63      23.3 ABalppaa   0  0  0  0  0
      15.3     28.89      18.1 ABalppapa   0  0  0  0  0
     20.25     28.53      21.1 ABalppapp   0  0  0  0  0
      18.9     26.91      14.0 ABalpppa   0  0  0  0  0
      22.5     26.82      15.1 ABalppppa   0  0  0  0  0
     27.63     26.64      16.1 ABalppppp   0  0  0  0  0
     14.22     15.03      20.2 ABaraaaa   0  0  0  0  0
     16.83     11.88      21.0 ABaraaapa   0  0  0  0  0
     21.87     10.35      25.0 ABaraaapp   0  0  0  0  0
      16.2     18.18      27.2 ABaraapaa   0  0  0  0  0
     21.87     21.51      27.2 ABaraapap   0  0  0  0  0
     21.78     17.64      26.1 ABaraappa   0  0  0  0  0
      27.9      17.1      28.0 ABaraappp   0  0  0  0  0
     18.36     14.22      26.2 ABarapaaa   0  0  0  0  0
     23.85     14.22      27.1 ABarapaap   0  0  0  0  0
     25.11     10.53      27.9 ABarapapa   0  0  0  0  0
     30.42     11.97      27.0 ABarapapp   0  0  0  0  0
     26.55      9.18      22.1 ABarappa   0  0  0  0  0
     25.29      8.64      16.1 ABarapppa   0  0  0  0  0
     30.06     10.89      15.1 ABarapppp   0  0  0  0  0
     15.93     17.73       5.2 ABarpaaa   0  0  0  0  0
     21.33     18.81       4.7 ABarpaapa   0  0  0  0  0
     27.18     17.46       6.0 ABarpaapp   0  0  0  0  0
      19.8     13.23       6.2 ABarpapaa   0  0  0  0  0
     23.13     13.59       6.0 ABarpapap   0  0  0  0  0
     24.93     12.33       7.0 ABarpappa   0  0  0  0  0
     30.24     12.51       6.9 ABarpappp   0  0  0  0  0
     28.89      22.5       6.9 ABarppaa   0  0  0  0  0
     34.56     24.21       9.0 ABarppap   0  0  0  0  0
     33.21     15.57       7.0 ABarpppa   0  0  0  0  0
     40.32     15.93       9.1 ABarpppp   0  0  0  0  0
     19.17     27.18       6.1 ABplaaaa   0  0  0  0  0
     24.03      25.2       6.1 ABplaaap   0  0  0  0  0
     20.52     30.96      10.2 ABplaapaa   0  0  0  0  0
     25.11      31.5       7.3 ABplaapap   0  0  0  0  0
      25.2     29.52      11.2 ABplaappa   0  0  0  0  0
     31.14     30.42      12.1 ABplaappp   0  0  0  0  0
     29.34     28.71       5.1 ABplapaa   0  0  0  0  0
     33.84     29.43       6.1 ABplapapa   0  0  0  0  0
     39.24     28.89       7.1 ABplapapp   0  0  0  0  0
     34.29     33.66      12.0 ABplappaa   0  0  0  0  0
     38.43     31.41      12.0 ABplappap   0  0  0  0  0
     43.02     31.14      12.1 ABplappp   0  0  0  0  0
     19.26     31.41      17.2 ABplpaaaa   0  0  0  0  0
     23.49     31.41      19.2 ABplpaaap   0  0  0  0  0
     24.39      33.3      14.3 ABplpaapa   0  0  0  0  0
     27.63     32.49      16.1 ABplpaapp   0  0  0  0  0
      24.3     30.78      23.2 ABplpapaa   0  0  0  0  0
     29.07     31.68      24.3 ABplpapap   0  0  0  0  0
     31.95     29.25      27.9 ABplpappa   0  0  0  0  0
     36.72     29.79      27.1 ABplpappp   0  0  0  0  0
     30.69     33.93      19.3 ABplppaa   0  0  0  0  0
      35.1     32.67      21.3 ABplppap   0  0  0  0  0
     39.69      32.4      18.0 ABplpppa   0  0  0  0  0
     40.95     29.97      24.0 ABplpppp   0  0  0  0  0
     20.88      7.92      15.3 ABpraaaa   0  0  0  0  0
      23.4      8.91      10.8 ABpraaap   0  0  0  0  0
     28.62      7.65       9.0 ABpraapa   0  0  0  0  0
     32.13      9.18      11.2 ABpraappa   0  0  0  0  0
     37.71      8.64      12.9 ABpraappp   0  0  0  0  0
     34.47      9.36       6.0 ABprapaa   0  0  0  0  0
     39.33      9.72       6.1 ABprapapa   0  0  0  0  0
      44.1     10.62       7.1 ABprapapp   0  0  0  0  0
     41.67      7.74      13.2 ABprappaa   0  0  0  0  0
     44.55      9.63      13.1 ABprappap   0  0  0  0  0
     47.16     13.77      16.0 ABprappp   0  0  0  0  0
     29.97      5.94      18.0 ABprpaaa   0  0  0  0  0
     33.75      5.22      14.1 ABprpaap   0  0  0  0  0
     33.84      7.74      23.8 ABprpapa   0  0  0  0  0
     37.35      9.81      27.1 ABprpappa   0  0  0  0  0
     41.94     11.07      27.0 ABprpappp   0  0  0  0  0
     37.89      5.31      20.1 ABprppaa   0  0  0  0  0
     39.87      8.19      20.2 ABprppap   0  0  0  0  0
     45.45       9.9      20.1 ABprpppa   0  0  0  0  0
     46.35     13.05      25.1 ABprpppp   0  0  0  0  0
     17.73     17.46      19.2 MSaaaa   0  0  0  0  0
     21.96     20.61      21.2 MSaaap   0  0  0  0  0
      27.0     22.95      27.3 MSaapa   0  0  0  0  0
     33.39     23.22      28.3 MSaapp   0  0  0  0  0
     23.31     25.38      21.0 MSapaa   0  0  0  0  0
     28.17     26.01      22.2 MSapap   0  0  0  0  0
     32.22      25.2      22.9 MSappa   0  0  0  0  0
     34.11     28.62      19.0 MSappp   0  0  0  0  0
     22.68     13.32      18.0 MSpaaa   0  0  0  0  0
     29.61     17.37      23.2 MSpaap   0  0  0  0  0
      33.3     15.57      27.3 MSpapa   0  0  0  0  0
     37.71     17.73      27.2 MSpapp   0  0  0  0  0
     29.25     13.32      19.2 MSppaa   0  0  0  0  0
     33.93     12.69      20.0 MSppap   0  0  0  0  0
     37.08     14.04      21.0 MSpppa   0  0  0  0  0
     40.68     13.95      21.2 MSpppp   0  0  0  0  0
     26.28     21.69      17.1 Eala   0  0  0  0  0
     33.12     21.06      19.1 Ealp   0  0  0  0  0
     27.63     16.02      14.0 Eara   0  0  0  0  0
     35.91     14.58      15.0 Earp   0  0  0  0  0
     35.82     22.77      15.0 Epla   0  0  0  0  0
      41.4     25.47      15.1 Eplp   0  0  0  0  0
     40.14     16.56      15.2 Epra   0  0  0  0  0
     44.37     20.88      16.2 Eprp   0  0  0  0  0
     38.07     21.24       5.5 Caaaa   0  0  0  0  0
     43.65     23.94       7.2 Caaap   0  0  0  0  0
     46.98     26.46       8.3 Caap   0  0  0  0  0
     46.98     29.61      21.2 Capa   0  0  0  0  0
     46.44     27.63      16.1 Capp   0  0  0  0  0
     43.65     12.87       5.3 Cpaaa   0  0  0  0  0
     48.24     17.01       9.2 Cpaap   0  0  0  0  0
     49.86     20.16       8.0 Cpapa   0  0  0  0  0
     51.03     25.11      14.0 Cpapp   0  0  0  0  0
     49.86     17.46      23.2 Cppa   0  0  0  0  0
     49.41     21.51      18.1 Cppp   0  0  0  0  0
     38.88     25.38      26.0 Daa   0  0  0  0  0
     45.09     25.38      26.0 Dap   0  0  0  0  0
     42.84     16.47      27.2 Dpa   0  0  0  0  0
     47.34     21.69      26.1 Dpp   0  0  0  0  0
     41.04     20.07      24.0  Z2   0  0  0  0  0
     36.09     21.87      24.0  Z3   0  0  0  0  0
 1  9  1  0  0  0  0
M END
$$$$