130619PHA4p2_050
kurekaoru/ZhaoLAB_HKBU/161117

 46  0  0  0  0  0  0  0  0  0  0 V2000
     11.34     20.43      16.9 ABalaaa   0  0  0  0  0
     13.77     26.01      23.1 ABalaap   0  0  0  0  0
     14.85     16.11      10.0 ABalapa   0  0  0  0  0
     19.53     21.06      17.9 ABalapp   0  0  0  0  0
     13.86     24.93       9.9 ABalpaa   0  0  0  0  0
     18.45     31.95      17.0 ABalpap   0  0  0  0  0
      21.6     30.33       9.5 ABalppa   0  0  0  0  0
     27.72     35.01      17.2 ABalppp   0  0  0  0  0
     14.76     15.21      20.2 ABaraaa   0  0  0  0  0
     20.52     18.63      28.9 ABaraap   0  0  0  0  0
     21.78     10.35      21.1 ABarapa   0  0  0  0  0
     28.17     13.59      27.9 ABarapp   0  0  0  0  0
     21.42      10.8      11.0 ABarpaa   0  0  0  0  0
     26.64     14.04      17.1 ABarpap   0  0  0  0  0
     29.34     11.34       8.8 ABarppa   0  0  0  0  0
     34.56      12.6      15.1 ABarppp   0  0  0  0  0
     20.61      18.9       7.7 ABplaaa   0  0  0  0  0
     24.57     24.93      13.0 ABplaap   0  0  0  0  0
     26.46     17.91       8.0 ABplapa   0  0  0  0  0
     32.31     25.38       8.0 ABplapp   0  0  0  0  0
     29.07     32.85       9.7 ABplpaa   0  0  0  0  0
     36.18     33.21      18.9 ABplpap   0  0  0  0  0
     35.73     29.61       7.2 ABplppa   0  0  0  0  0
     42.66     32.94      14.9 ABplppp   0  0  0  0  0
     28.62      7.47      16.3 ABpraaa   0  0  0  0  0
     34.47     11.61      27.0 ABpraap   0  0  0  0  0
     37.08      7.02      13.7 ABprapa   0  0  0  0  0
     45.18     11.43      15.0 ABprapp   0  0  0  0  0
     41.04      8.91      25.0 ABprpaa   0  0  0  0  0
     43.02     16.56      26.2 ABprpap   0  0  0  0  0
     47.97     13.32      20.9 ABprppa   0  0  0  0  0
     48.15     21.15      26.0 ABprppp   0  0  0  0  0
     19.62     27.99      25.0 MSaa   0  0  0  0  0
     27.81     31.32      25.2 MSap   0  0  0  0  0
     26.37     21.69      26.0 MSpa   0  0  0  0  0
     36.18     19.35      28.1 MSpp   0  0  0  0  0
     30.24     26.01      18.0 Eal   0  0  0  0  0
     31.86      18.9      18.9 Ear   0  0  0  0  0
     39.42     25.74      15.0 Epl   0  0  0  0  0
     40.05     22.77      20.5 Epr   0  0  0  0  0
     36.63     18.36       9.9 Caa   0  0  0  0  0
     41.67     24.48       9.8 Cap   0  0  0  0  0
      45.9     14.85       9.3 Cpa   0  0  0  0  0
     50.22     23.04      15.1 Cpp   0  0  0  0  0
     46.35      28.8      23.0   D   0  0  0  0  0
     39.78     29.34      27.1  P4   0  0  0  0  0
 1  9  1  0  0  0  0
M END
$$$$