130619PHA4p2_026
kurekaoru/ZhaoLAB_HKBU/161117

 15  0  0  0  0  0  0  0  0  0  0 V2000
     13.77     17.73      18.4 ABala   0  0  0  0  0
     18.81     29.16      14.5 ABalp   0  0  0  0  0
     22.95     14.58      27.2 ABara   0  0  0  0  0
     30.87      9.72      15.4 ABarp   0  0  0  0  0
      22.5     18.72      10.7 ABpla   0  0  0  0  0
     30.42     31.23      10.4 ABplp   0  0  0  0  0
     38.79     10.62      25.2 ABpra   0  0  0  0  0
     44.01     20.61      26.5 ABprp   0  0  0  0  0
     23.67     26.73      24.7 MSa   0  0  0  0  0
     34.38     21.69      25.0 MSp   0  0  0  0  0
     35.37     32.67      21.6  Ea   0  0  0  0  0
     42.93     28.62      14.3  Ep   0  0  0  0  0
     36.63     17.28      11.0  Ca   0  0  0  0  0
     44.19     16.38      13.0  Cp   0  0  0  0  0
     47.88      24.3      15.2  P3   0  0  0  0  0
 1  9  1  0  0  0  0
M END
$$$$