130619PHA4p2_078
kurekaoru/ZhaoLAB_HKBU/161117

 96  0  0  0  0  0  0  0  0  0  0 V2000
     12.87     17.55      19.0 ABalaaaa   0  0  0  0  0
     15.39     16.65      15.2 ABalaaap   0  0  0  0  0
     17.73     20.07      17.3 ABalaapa   0  0  0  0  0
     22.77     17.82      17.0 ABalaapp   0  0  0  0  0
     14.04      15.3       9.3 ABalapaa   0  0  0  0  0
      18.9     14.58       7.1 ABalapap   0  0  0  0  0
     20.16     19.08      11.0 ABalappa   0  0  0  0  0
     25.83     20.07      11.1 ABalappp   0  0  0  0  0
      11.7     21.87      18.1 ABalpaaa   0  0  0  0  0
     13.14     23.94      13.3 ABalpaap   0  0  0  0  0
     13.32      27.0      20.0 ABalpapa   0  0  0  0  0
     17.91     29.34      21.2 ABalpapp   0  0  0  0  0
     13.68     27.36      10.0 ABalppaa   0  0  0  0  0
     17.19     30.24      11.2 ABalppap   0  0  0  0  0
     19.35     25.38      16.0 ABalpppa   0  0  0  0  0
     25.56     28.62      15.3 ABalpppp   0  0  0  0  0
     15.39     14.58      23.9 ABaraaaa   0  0  0  0  0
     19.26     14.58      20.2 ABaraaap   0  0  0  0  0
     18.54     17.19      28.0 ABaraapa   0  0  0  0  0
     25.29     18.45      28.3 ABaraapp   0  0  0  0  0
     20.88     10.98      23.1 ABarapaa   0  0  0  0  0
     26.64     12.06      27.2 ABarapap   0  0  0  0  0
     28.26      9.45      22.1 ABarappa   0  0  0  0  0
     32.76     10.53      26.1 ABarappp   0  0  0  0  0
     18.36     11.79      12.1 ABarpaaa   0  0  0  0  0
     23.76     13.32       5.2 ABarpaap   0  0  0  0  0
     24.21     13.14      13.1 ABarpapa   0  0  0  0  0
     30.15     11.34      12.3 ABarpapp   0  0  0  0  0
     28.62      9.81       5.3 ABarppaa   0  0  0  0  0
     30.96     17.28       8.0 ABarppap   0  0  0  0  0
     34.56     12.78      10.2 ABarpppa   0  0  0  0  0
     39.06      17.1      12.3 ABarpppp   0  0  0  0  0
     15.21     20.52       6.1 ABplaaaa   0  0  0  0  0
     21.51     20.25       5.2 ABplaaap   0  0  0  0  0
     18.36     25.11       6.0 ABplaapa   0  0  0  0  0
     24.12     27.99       8.1 ABplaapp   0  0  0  0  0
      26.1     20.43       6.1 ABplapaa   0  0  0  0  0
     29.43     25.29       7.0 ABplapap   0  0  0  0  0
     30.33     29.25       8.1 ABplappa   0  0  0  0  0
     35.73     30.15       7.1 ABplappp   0  0  0  0  0
     20.61     32.22      15.9 ABplpaaa   0  0  0  0  0
     24.03     32.85      10.9 ABplpaap   0  0  0  0  0
     24.57     33.75      18.9 ABplpapa   0  0  0  0  0
     30.33     33.57      17.0 ABplpapp   0  0  0  0  0
     27.63      34.2       9.0 ABplppaa   0  0  0  0  0
     32.76     33.75       9.3 ABplppap   0  0  0  0  0
     36.63     34.11      10.3 ABplpppa   0  0  0  0  0
     37.26     34.38      19.0 ABplpppp   0  0  0  0  0
     23.04      8.46      15.1 ABpraaaa   0  0  0  0  0
     29.34      6.75      13.3 ABpraaap   0  0  0  0  0
     32.76      6.57      18.1 ABpraapa   0  0  0  0  0
     37.98       9.9      15.1 ABpraapp   0  0  0  0  0
     34.29      8.64       7.0 ABprapaa   0  0  0  0  0
     40.86     11.07       7.1 ABprapap   0  0  0  0  0
     44.28     11.52      13.3 ABprappa   0  0  0  0  0
     46.71      17.1      16.9 ABprappp   0  0  0  0  0
     36.09      7.65      25.1 ABprpaaa   0  0  0  0  0
     40.86      7.29      17.2 ABprpaap   0  0  0  0  0
     41.22      9.63      24.1 ABprpapa   0  0  0  0  0
     44.73     13.68      26.1 ABprpapp   0  0  0  0  0
     44.64      8.64      19.1 ABprppaa   0  0  0  0  0
      47.7     12.87      19.1 ABprppap   0  0  0  0  0
      49.5     16.11      21.1 ABprpppa   0  0  0  0  0
      48.6     20.52      25.3 ABprpppp   0  0  0  0  0
     14.31     21.78      24.0 MSaaaa   0  0  0  0  0
     19.62     24.39      27.2 MSaaap   0  0  0  0  0
     23.58     23.31      27.1 MSaapa   0  0  0  0  0
     31.32     25.11      28.2 MSaapp   0  0  0  0  0
     22.41      27.9      23.9 MSapaa   0  0  0  0  0
      27.9     29.52      25.0 MSapap   0  0  0  0  0
     30.78     30.33      22.1 MSappa   0  0  0  0  0
      36.0     31.32      23.1 MSappp   0  0  0  0  0
     23.94     15.21      22.1 MSpaaa   0  0  0  0  0
      29.7     16.65      25.1 MSpaap   0  0  0  0  0
     32.58      18.0      28.0 MSpapa   0  0  0  0  0
     37.53     23.22      27.9 MSpapp   0  0  0  0  0
     36.18     12.87      25.9 MSppaa   0  0  0  0  0
     39.06     17.46      25.0 MSppap   0  0  0  0  0
     42.48     17.91      26.8 MSpppa   0  0  0  0  0
     44.28     22.32      26.9 MSpppp   0  0  0  0  0
     29.52     22.95      20.1 Eal   0  0  0  0  0
     32.85     16.29      17.1 Ear   0  0  0  0  0
     36.09     25.38      15.1 Epl   0  0  0  0  0
      43.2      22.5      16.2 Epr   0  0  0  0  0
     37.53     19.08       6.0 Caaa   0  0  0  0  0
     43.38     23.76       5.0 Caap   0  0  0  0  0
     40.68     29.52       6.0 Capa   0  0  0  0  0
     44.37     31.59      12.0 Capp   0  0  0  0  0
     45.09     16.02       8.0 Cpaa   0  0  0  0  0
     48.69     22.95       9.1 Cpap   0  0  0  0  0
     50.22     21.33      17.3 Cppa   0  0  0  0  0
      48.6     27.36      15.2 Cppp   0  0  0  0  0
      41.4     30.42      20.2  Da   0  0  0  0  0
     46.71     27.27      24.1  Dp   0  0  0  0  0
     42.48      26.1      26.4  Z2   0  0  0  0  0
      34.2     26.82      24.3  Z3   0  0  0  0  0
 1  9  1  0  0  0  0
M END
$$$$