130619PHA4p2_085
kurekaoru/ZhaoLAB_HKBU/161117

104  0  0  0  0  0  0  0  0  0  0 V2000
      12.6     18.18      13.4 ABalaaaa   0  0  0  0  0
     14.58     15.12      11.4 ABalaaap   0  0  0  0  0
     18.45      15.3      14.7 ABalaapa   0  0  0  0  0
     22.14     12.78      12.2 ABalaapp   0  0  0  0  0
     15.03     19.89       6.2 ABalapaa   0  0  0  0  0
     19.08     19.53       6.1 ABalapap   0  0  0  0  0
     20.61     19.98      11.1 ABalappa   0  0  0  0  0
     25.83     21.51      10.1 ABalappp   0  0  0  0  0
     11.43     20.43      19.0 ABalpaaa   0  0  0  0  0
     14.04      25.2      15.0 ABalpaap   0  0  0  0  0
     12.51      24.3      21.2 ABalpapa   0  0  0  0  0
     16.56     25.83      24.1 ABalpapp   0  0  0  0  0
     14.67     29.97      17.3 ABalppaa   0  0  0  0  0
     18.45     29.16      14.1 ABalppap   0  0  0  0  0
     18.45     25.92      10.1 ABalpppa   0  0  0  0  0
     23.22     27.27      17.1 ABalpppp   0  0  0  0  0
     13.95     14.49      20.9 ABaraaaa   0  0  0  0  0
     18.36     11.97      20.4 ABaraaap   0  0  0  0  0
     16.83     18.63      27.2 ABaraapa   0  0  0  0  0
      23.4     17.55      28.1 ABaraapp   0  0  0  0  0
     21.06     12.69      27.1 ABarapaa   0  0  0  0  0
     27.45     11.61      26.1 ABarapap   0  0  0  0  0
     25.74      8.19      21.1 ABarappa   0  0  0  0  0
     30.51     10.08      18.2 ABarappp   0  0  0  0  0
      18.0      13.5       6.1 ABarpaaa   0  0  0  0  0
     24.66     16.11       6.0 ABarpaap   0  0  0  0  0
     23.85     10.08       7.0 ABarpapa   0  0  0  0  0
     29.25     10.62      10.0 ABarpapp   0  0  0  0  0
     30.42     17.19       5.2 ABarppaa   0  0  0  0  0
     31.86     23.22       7.1 ABarppap   0  0  0  0  0
     33.39     13.77       8.0 ABarpppa   0  0  0  0  0
     38.79     15.93      10.2 ABarpppp   0  0  0  0  0
     18.45     25.11       6.0 ABplaaaa   0  0  0  0  0
     24.03     24.66       6.1 ABplaaap   0  0  0  0  0
     21.33     29.97       7.2 ABplaapa   0  0  0  0  0
     26.64     30.42      13.1 ABplaapp   0  0  0  0  0
     27.72     28.17       5.1 ABplapaa   0  0  0  0  0
     34.02     29.34       6.1 ABplapap   0  0  0  0  0
     32.04     33.12      10.1 ABplappa   0  0  0  0  0
     38.52     30.78       9.0 ABplappp   0  0  0  0  0
      20.7      32.4      19.4 ABplpaaa   0  0  0  0  0
     23.49      34.2      14.1 ABplpaap   0  0  0  0  0
     24.66     32.67      23.0 ABplpapa   0  0  0  0  0
     29.61     33.03      22.8 ABplpapp   0  0  0  0  0
     28.44      35.1      15.1 ABplppaa   0  0  0  0  0
     33.03     33.75      18.8 ABplppap   0  0  0  0  0
     36.36     34.92      14.2 ABplpppa   0  0  0  0  0
     38.52     33.12      21.1 ABplpppp   0  0  0  0  0
     21.96      8.37      14.1 ABpraaaa   0  0  0  0  0
     26.91       7.2      13.0 ABpraaap   0  0  0  0  0
     32.13      6.48      13.7 ABpraapa   0  0  0  0  0
     36.72       9.0      15.2 ABpraapp   0  0  0  0  0
      35.1       9.0       5.8 ABprapaa   0  0  0  0  0
     40.95      9.36       9.3 ABprapap   0  0  0  0  0
     44.64     11.52      14.2 ABprappa   0  0  0  0  0
     47.97     16.74      15.9 ABprappp   0  0  0  0  0
     33.03      7.11      22.0 ABprpaaa   0  0  0  0  0
     38.34      6.93      20.9 ABprpaap   0  0  0  0  0
     37.08      9.99      26.4 ABprpapa   0  0  0  0  0
     41.85     11.25      27.0 ABprpapp   0  0  0  0  0
     42.48      7.65      18.9 ABprppaa   0  0  0  0  0
     44.19     10.98      20.1 ABprppap   0  0  0  0  0
     48.33     12.78      20.1 ABprpppa   0  0  0  0  0
     47.43     15.75      25.3 ABprpppp   0  0  0  0  0
     15.39     19.62      20.9 MSaaaa   0  0  0  0  0
     19.89     21.15      23.1 MSaaap   0  0  0  0  0
     21.87     23.94      28.1 MSaapa   0  0  0  0  0
     30.42     24.93      28.9 MSaapp   0  0  0  0  0
      22.5     24.39      22.9 MSapaa   0  0  0  0  0
      27.9      25.2      23.1 MSapap   0  0  0  0  0
     31.05     27.09      21.1 MSappa   0  0  0  0  0
     34.65     29.07      20.0 MSappp   0  0  0  0  0
     22.68     14.04      19.2 MSpaaa   0  0  0  0  0
     28.26     16.83      24.9 MSpaap   0  0  0  0  0
     31.59     15.75      28.9 MSpapa   0  0  0  0  0
     36.63     20.88      28.9 MSpapp   0  0  0  0  0
     31.77     13.86      22.2 MSppaa   0  0  0  0  0
     36.63     14.31      22.0 MSppap   0  0  0  0  0
     39.24     16.65      23.9 MSpppa   0  0  0  0  0
     43.29     17.91      22.0 MSpppp   0  0  0  0  0
     24.84      20.7      17.2 Eala   0  0  0  0  0
     33.03     21.33      22.3 Ealp   0  0  0  0  0
     28.35     15.66      15.9 Eara   0  0  0  0  0
      36.0     16.83      15.3 Earp   0  0  0  0  0
     33.48     24.57      13.2 Epla   0  0  0  0  0
     40.77     27.45      14.2 Eplp   0  0  0  0  0
     39.51     19.26      17.1 Epra   0  0  0  0  0
     45.81     23.67      16.3 Eprp   0  0  0  0  0
     38.79      21.6       7.0 Caaa   0  0  0  0  0
     45.27     27.36       6.3 Caap   0  0  0  0  0
     42.21     33.03      13.2 Capa   0  0  0  0  0
     45.99     29.97      14.3 Capp   0  0  0  0  0
     43.11     13.59       6.1 Cpaaa   0  0  0  0  0
     46.62     17.73       9.1 Cpaap   0  0  0  0  0
     48.42     21.24       7.1 Cpapa   0  0  0  0  0
     49.32     26.19      12.3 Cpapp   0  0  0  0  0
     48.96     19.71      22.1 Cppa   0  0  0  0  0
      50.4     24.75      18.3 Cppp   0  0  0  0  0
     37.26     28.89      27.0 Daa   0  0  0  0  0
     44.28     29.79      23.1 Dap   0  0  0  0  0
     43.47     20.52      28.7 Dpa   0  0  0  0  0
     47.16     24.93      25.9 Dpp   0  0  0  0  0
     40.86     22.77      24.3  Z2   0  0  0  0  0
     35.37      24.3      25.0  Z3   0  0  0  0  0
 1  9  1  0  0  0  0
M END
$$$$