130619PHA4p2_079
kurekaoru/ZhaoLAB_HKBU/161117

 97  0  0  0  0  0  0  0  0  0  0 V2000
     12.51     17.28      18.1 ABalaaaa   0  0  0  0  0
     16.38     15.75      16.1 ABalaaap   0  0  0  0  0
     18.45     19.44      18.1 ABalaapa   0  0  0  0  0
     22.86     16.83      16.1 ABalaapp   0  0  0  0  0
      14.4     15.12       9.2 ABalapaa   0  0  0  0  0
      18.9     14.58       7.1 ABalapap   0  0  0  0  0
     20.52     18.81      11.1 ABalappa   0  0  0  0  0
     25.74     20.43      10.2 ABalappp   0  0  0  0  0
     11.61     21.42      18.3 ABalpaaa   0  0  0  0  0
     12.69     23.13      12.2 ABalpaap   0  0  0  0  0
     12.69     26.28      20.0 ABalpapa   0  0  0  0  0
      17.1     29.16      22.1 ABalpapp   0  0  0  0  0
     13.86     26.91       9.2 ABalppaa   0  0  0  0  0
     17.01     29.97      12.2 ABalppap   0  0  0  0  0
     19.71     24.75      16.1 ABalpppa   0  0  0  0  0
     24.48     28.71      17.2 ABalpppp   0  0  0  0  0
     15.12      14.4      23.1 ABaraaaa   0  0  0  0  0
     19.44     14.85      21.3 ABaraaap   0  0  0  0  0
     18.45     17.46      28.0 ABaraapa   0  0  0  0  0
     24.48     18.45      28.2 ABaraapp   0  0  0  0  0
     20.79     11.25      24.2 ABarapaa   0  0  0  0  0
     27.09      11.7      26.3 ABarapap   0  0  0  0  0
     28.26      9.09      21.2 ABarappa   0  0  0  0  0
     32.85     10.53      25.1 ABarappp   0  0  0  0  0
      18.9     11.61      11.1 ABarpaaa   0  0  0  0  0
     24.57     13.41       6.1 ABarpaap   0  0  0  0  0
     24.75     12.51      13.0 ABarpapa   0  0  0  0  0
     30.24     11.16      13.1 ABarpapp   0  0  0  0  0
     28.62      9.81       5.3 ABarppaa   0  0  0  0  0
     30.33     17.91       8.0 ABarppap   0  0  0  0  0
     34.29     12.96       9.3 ABarpppa   0  0  0  0  0
     39.33     16.65      13.0 ABarpppp   0  0  0  0  0
     15.75     20.97       6.1 ABplaaaa   0  0  0  0  0
     21.51     20.25       5.2 ABplaaap   0  0  0  0  0
     18.36     25.92       6.0 ABplaapa   0  0  0  0  0
     24.66     28.71       8.2 ABplaapp   0  0  0  0  0
      26.1     20.43       6.1 ABplapaa   0  0  0  0  0
     29.61     25.92       8.0 ABplapap   0  0  0  0  0
     30.33     29.79       9.2 ABplappa   0  0  0  0  0
     35.55     30.51       6.1 ABplappp   0  0  0  0  0
     19.98     32.13      16.2 ABplpaaa   0  0  0  0  0
     23.85     33.48      12.1 ABplpaap   0  0  0  0  0
     23.76     33.57      20.0 ABplpapa   0  0  0  0  0
     29.52     33.84      17.3 ABplpapp   0  0  0  0  0
     27.45      34.2       9.9 ABplppaa   0  0  0  0  0
     32.76     34.38      11.1 ABplppap   0  0  0  0  0
     36.99     34.11      11.2 ABplpppa   0  0  0  0  0
     37.08     34.47      19.0 ABplpppp   0  0  0  0  0
     22.95      8.46      15.1 ABpraaaa   0  0  0  0  0
     29.43      7.02      12.3 ABpraaap   0  0  0  0  0
     32.94      7.11      17.1 ABpraapa   0  0  0  0  0
     38.07     10.08      15.2 ABpraapp   0  0  0  0  0
     34.92      8.64       6.1 ABprapaa   0  0  0  0  0
     41.04     11.16       8.1 ABprapap   0  0  0  0  0
     44.55     11.97      14.1 ABprappa   0  0  0  0  0
      46.8     17.55      17.1 ABprappp   0  0  0  0  0
     35.73      7.47      24.2 ABprpaaa   0  0  0  0  0
     40.95      7.11      17.2 ABprpaap   0  0  0  0  0
     41.22      9.09      24.2 ABprpapa   0  0  0  0  0
      44.1     13.23      27.0 ABprpapp   0  0  0  0  0
     44.37      8.73      19.2 ABprppaa   0  0  0  0  0
     47.16     12.96      20.3 ABprppap   0  0  0  0  0
     49.23     15.93      22.2 ABprpppa   0  0  0  0  0
     48.69     19.98      26.1 ABprpppp   0  0  0  0  0
     14.04     20.97      23.2 MSaaaa   0  0  0  0  0
     18.99     24.39      27.1 MSaaap   0  0  0  0  0
     22.86     23.76      27.1 MSaapa   0  0  0  0  0
     31.14     26.01      28.4 MSaapp   0  0  0  0  0
     21.42     28.08      24.8 MSapaa   0  0  0  0  0
     27.81     29.25      25.3 MSapap   0  0  0  0  0
     30.51     30.15      23.0 MSappa   0  0  0  0  0
     35.91     31.23      23.1 MSappp   0  0  0  0  0
     24.39     15.12      22.0 MSpaaa   0  0  0  0  0
     29.79     16.47      25.0 MSpaap   0  0  0  0  0
     32.49      18.0      27.3 MSpapa   0  0  0  0  0
     37.17     23.04      27.3 MSpapp   0  0  0  0  0
     36.18     12.42      25.0 MSppaa   0  0  0  0  0
     38.79     17.82      24.1 MSppap   0  0  0  0  0
     42.21     17.46      26.2 MSpppa   0  0  0  0  0
     44.19     22.14      27.0 MSpppp   0  0  0  0  0
     27.63     22.41      20.0 Eala   0  0  0  0  0
     31.68     23.85      22.1 Ealp   0  0  0  0  0
     32.13     16.02      19.0 Ear   0  0  0  0  0
     36.63     25.02      14.1 Epl   0  0  0  0  0
     42.93     22.59      17.1 Epr   0  0  0  0  0
     37.71     19.35       6.2 Caaa   0  0  0  0  0
     43.38     24.21       6.0 Caap   0  0  0  0  0
     40.68     29.52       6.0 Capa   0  0  0  0  0
     44.73     30.78      10.4 Capp   0  0  0  0  0
     44.55     16.83       8.1 Cpaa   0  0  0  0  0
     48.96     23.49       9.0 Cpap   0  0  0  0  0
      50.4     21.33      19.1 Cppa   0  0  0  0  0
     48.42     27.36      15.3 Cppp   0  0  0  0  0
     41.04     30.69      20.2  Da   0  0  0  0  0
     45.99     27.09      24.2  Dp   0  0  0  0  0
     42.03     25.47      26.3  Z2   0  0  0  0  0
     34.38     27.18      23.5  Z3   0  0  0  0  0
 1  9  1  0  0  0  0
M END
$$$$