130619PHA4p2_074
kurekaoru/ZhaoLAB_HKBU/161117

 92  0  0  0  0  0  0  0  0  0  0 V2000
      11.7     20.52      20.1 ABalaaaa   0  0  0  0  0
      14.4      17.1      15.2 ABalaaap   0  0  0  0  0
     16.83     19.98      17.0 ABalaapa   0  0  0  0  0
     22.77     20.43      18.2 ABalaapp   0  0  0  0  0
     14.31     13.95      11.0 ABalapaa   0  0  0  0  0
     19.08     13.77       7.9 ABalapap   0  0  0  0  0
     19.53      18.0      12.9 ABalappa   0  0  0  0  0
     26.01     18.63      12.1 ABalappp   0  0  0  0  0
     11.25     23.22      15.9 ABalpaaa   0  0  0  0  0
     14.31     24.48      12.2 ABalpaap   0  0  0  0  0
     13.59     28.17      18.2 ABalpapa   0  0  0  0  0
     19.53     29.97      20.1 ABalpapp   0  0  0  0  0
     15.03     29.16      11.9 ABalppaa   0  0  0  0  0
      19.8     30.42       9.9 ABalppap   0  0  0  0  0
     21.33      26.1      16.0 ABalpppa   0  0  0  0  0
     27.18     28.89      14.1 ABalpppp   0  0  0  0  0
     13.95     16.65      24.0 ABaraaaa   0  0  0  0  0
     18.36     15.66      20.2 ABaraaap   0  0  0  0  0
     17.37      18.9      28.2 ABaraapa   0  0  0  0  0
     23.94     19.17      28.3 ABaraapp   0  0  0  0  0
     19.53     10.89      21.1 ABarapaa   0  0  0  0  0
     25.47     12.42      27.3 ABarapap   0  0  0  0  0
      28.8     10.35      24.3 ABarappa   0  0  0  0  0
     33.39     12.69      26.1 ABarappp   0  0  0  0  0
     18.18     11.16      14.1 ABarpaaa   0  0  0  0  0
     24.03     11.34       8.1 ABarpaap   0  0  0  0  0
      23.4     12.42      14.9 ABarpapa   0  0  0  0  0
     29.43     12.33      14.9 ABarpapp   0  0  0  0  0
     27.72      7.47       8.3 ABarppaa   0  0  0  0  0
      31.5     13.32       6.1 ABarppap   0  0  0  0  0
     33.93     11.16      13.3 ABarpppa   0  0  0  0  0
     40.68     16.11      13.1 ABarpppp   0  0  0  0  0
      14.4     19.44       7.2 ABplaaaa   0  0  0  0  0
      21.6     19.26       6.1 ABplaaap   0  0  0  0  0
     17.91     23.85       6.9 ABplaapa   0  0  0  0  0
     25.02     25.83       7.0 ABplaapp   0  0  0  0  0
     25.74     16.83       6.0 ABplapaa   0  0  0  0  0
     30.96     21.78       7.1 ABplapap   0  0  0  0  0
     29.97     27.18       7.0 ABplappa   0  0  0  0  0
     36.45     26.73       7.9 ABplappp   0  0  0  0  0
     22.05     33.03      15.1 ABplpaaa   0  0  0  0  0
     26.01     31.32       7.8 ABplpaap   0  0  0  0  0
     27.27     34.02      16.1 ABplpapa   0  0  0  0  0
     32.94     33.57      15.9 ABplpapp   0  0  0  0  0
     29.61     33.21       8.1 ABplppaa   0  0  0  0  0
     35.91     31.86       7.0 ABplppap   0  0  0  0  0
      37.8     33.57      11.1 ABplpppa   0  0  0  0  0
      39.6     33.48      19.0 ABplpppp   0  0  0  0  0
     23.49      7.47      18.0 ABpraaaa   0  0  0  0  0
     29.88      6.84      16.0 ABpraaap   0  0  0  0  0
     31.59      6.93      21.2 ABpraapa   0  0  0  0  0
     36.99       8.1      17.1 ABpraapp   0  0  0  0  0
     33.75      7.02       9.2 ABprapaa   0  0  0  0  0
     40.32      9.45       8.3 ABprapap   0  0  0  0  0
     43.29      10.8      15.0 ABprappa   0  0  0  0  0
     46.62     16.56      16.0 ABprappp   0  0  0  0  0
      36.0      9.18      27.9 ABprpaaa   0  0  0  0  0
     41.94       7.2      17.2 ABprpaap   0  0  0  0  0
     41.31      9.27      25.9 ABprpapa   0  0  0  0  0
     45.72     13.77      26.2 ABprpapp   0  0  0  0  0
     45.09      8.55      21.0 ABprppaa   0  0  0  0  0
     48.69     13.68      19.1 ABprppap   0  0  0  0  0
     50.04     16.47      21.3 ABprpppa   0  0  0  0  0
     48.42     21.15      27.2 ABprpppp   0  0  0  0  0
     15.48     23.31      23.1 MSaaaa   0  0  0  0  0
     20.52     25.56      26.1 MSaaap   0  0  0  0  0
     24.48     25.02      26.1 MSaapa   0  0  0  0  0
     29.43     24.12      27.3 MSaapp   0  0  0  0  0
     26.28     30.33      23.0 MSapa   0  0  0  0  0
     33.03     30.15      21.3 MSapp   0  0  0  0  0
     23.13     15.66      22.1 MSpaaa   0  0  0  0  0
     28.44     17.37      23.1 MSpaap   0  0  0  0  0
     31.32     18.81      26.1 MSpapa   0  0  0  0  0
     36.45     22.05      27.1 MSpapp   0  0  0  0  0
     37.89     15.66      26.0 MSppa   0  0  0  0  0
     42.48     19.35      26.0 MSppp   0  0  0  0  0
     29.52     21.96      17.3 Eal   0  0  0  0  0
     33.66     16.83      18.2 Ear   0  0  0  0  0
     37.35     24.21      13.2 Epl   0  0  0  0  0
     43.11      23.4      18.1 Epr   0  0  0  0  0
     36.63     17.82       5.3 Caaa   0  0  0  0  0
     43.92     22.23       6.1 Caap   0  0  0  0  0
     40.86     28.98       6.0 Capa   0  0  0  0  0
     45.99     29.97      11.1 Capp   0  0  0  0  0
     44.19      14.4       7.1 Cpaa   0  0  0  0  0
     48.78     21.42       9.1 Cpap   0  0  0  0  0
     50.67     20.43      17.4 Cppa   0  0  0  0  0
     48.78     27.99      16.1 Cppp   0  0  0  0  0
     41.58     30.87      21.1  Da   0  0  0  0  0
      46.8     27.36      25.0  Dp   0  0  0  0  0
     41.22     25.65      27.0  Z2   0  0  0  0  0
     34.38     26.55      26.9  Z3   0  0  0  0  0
 1  9  1  0  0  0  0
M END
$$$$