130619PHA4p2_047
kurekaoru/ZhaoLAB_HKBU/161117

 43  0  0  0  0  0  0  0  0  0  0 V2000
     11.52     20.43      17.2 ABalaaa   0  0  0  0  0
     14.49     23.58      22.1 ABalaap   0  0  0  0  0
     15.48     16.38      10.2 ABalapa   0  0  0  0  0
     18.27     19.62      16.1 ABalapp   0  0  0  0  0
     14.67     25.92      10.8 ABalpaa   0  0  0  0  0
     16.92     30.51      16.2 ABalpap   0  0  0  0  0
     21.78     30.69       9.9 ABalppa   0  0  0  0  0
     26.19     33.48      14.3 ABalppp   0  0  0  0  0
     16.11     14.94      21.2 ABaraaa   0  0  0  0  0
     20.52     17.91      26.3 ABaraap   0  0  0  0  0
     23.13     10.89      21.7 ABarapa   0  0  0  0  0
     27.09     13.68      27.8 ABarapp   0  0  0  0  0
     22.68     12.15      11.0 ABarpaa   0  0  0  0  0
     26.37     14.04      16.3 ABarpap   0  0  0  0  0
     32.04     11.79      10.8 ABarpp   0  0  0  0  0
     20.61     19.17       8.0 ABplaaa   0  0  0  0  0
     23.49     23.67      12.2 ABplaap   0  0  0  0  0
     27.54     18.99       8.0 ABplapa   0  0  0  0  0
     32.31     24.21       8.0 ABplapp   0  0  0  0  0
     30.33     32.58      11.0 ABplpaa   0  0  0  0  0
     33.66     33.03      15.1 ABplpap   0  0  0  0  0
     36.54     28.98       7.0 ABplppa   0  0  0  0  0
     39.87     31.95      11.3 ABplppp   0  0  0  0  0
     29.34      7.47      17.2 ABpraaa   0  0  0  0  0
     33.21     10.98      23.2 ABpraap   0  0  0  0  0
     38.43       7.2      14.1 ABprapa   0  0  0  0  0
     43.65     10.35      16.3 ABprapp   0  0  0  0  0
     40.14     10.53      26.1 ABprpaa   0  0  0  0  0
     41.04      16.2      26.4 ABprpap   0  0  0  0  0
      47.7     14.49      23.2 ABprppa   0  0  0  0  0
     47.07     20.07      26.3 ABprppp   0  0  0  0  0
     19.17     27.72      26.0 MSaa   0  0  0  0  0
      27.9     32.22      24.5 MSap   0  0  0  0  0
     25.74     22.05      27.0 MSpa   0  0  0  0  0
     35.19     18.18      29.0 MSpp   0  0  0  0  0
     31.05     23.85      19.3  Ea   0  0  0  0  0
     43.02     24.12      17.2  Ep   0  0  0  0  0
     37.08     18.72       9.8 Caa   0  0  0  0  0
     41.94     23.76      10.2 Cap   0  0  0  0  0
     46.08     14.94       9.6 Cpa   0  0  0  0  0
     50.67     23.76      16.8 Cpp   0  0  0  0  0
     46.53     30.69      22.0   D   0  0  0  0  0
     39.96     31.95      25.2  P4   0  0  0  0  0
 1  9  1  0  0  0  0
M END
$$$$