130619PHA4p2_059
kurekaoru/ZhaoLAB_HKBU/161117

 51  0  0  0  0  0  0  0  0  0  0 V2000
     12.51     19.44      13.2 ABalaaa   0  0  0  0  0
     13.95     22.77      21.8 ABalaap   0  0  0  0  0
     16.83     14.85      10.3 ABalapa   0  0  0  0  0
     21.15     18.54      17.9 ABalapp   0  0  0  0  0
     14.31     24.93      10.2 ABalpaa   0  0  0  0  0
     17.91     29.88      18.1 ABalpap   0  0  0  0  0
     18.63     29.97       9.1 ABalppa   0  0  0  0  0
     25.11     32.31      15.3 ABalppp   0  0  0  0  0
     16.11     13.86      20.2 ABaraaa   0  0  0  0  0
     18.81     17.64      27.1 ABaraap   0  0  0  0  0
     22.68     10.17      21.2 ABarapa   0  0  0  0  0
     29.34     12.33      27.2 ABarapp   0  0  0  0  0
     22.86     11.07       9.2 ABarpaa   0  0  0  0  0
     27.27     14.22      18.0 ABarpap   0  0  0  0  0
     30.15     11.07       8.0 ABarppa   0  0  0  0  0
     35.91     12.51      13.9 ABarppp   0  0  0  0  0
     20.34     18.09       6.7 ABplaaa   0  0  0  0  0
     23.31     24.75      10.1 ABplaap   0  0  0  0  0
     26.91     18.36       8.6 ABplapa   0  0  0  0  0
      30.6     26.91       8.0 ABplapp   0  0  0  0  0
     26.91     32.31       8.7 ABplpaa   0  0  0  0  0
     32.85     34.56      17.8 ABplpap   0  0  0  0  0
      33.3     31.59       7.8 ABplppa   0  0  0  0  0
     38.52     34.11      13.3 ABplppp   0  0  0  0  0
     29.43       7.2      17.8 ABpraaa   0  0  0  0  0
     34.56      9.36      22.9 ABpraap   0  0  0  0  0
     38.88      7.92      11.0 ABprapa   0  0  0  0  0
     44.37     11.43      16.3 ABprapp   0  0  0  0  0
     40.68      8.19      23.0 ABprpaa   0  0  0  0  0
     43.38     15.12      27.1 ABprpap   0  0  0  0  0
     48.24     13.68      22.8 ABprppa   0  0  0  0  0
     48.15     19.71      25.1 ABprppp   0  0  0  0  0
     15.57     25.56      26.7 MSaaa   0  0  0  0  0
     24.57      25.2      28.0 MSaap   0  0  0  0  0
     21.96     30.87      23.9 MSapa   0  0  0  0  0
     30.51     30.51      27.8 MSapp   0  0  0  0  0
     24.39      18.0      26.9 MSpaa   0  0  0  0  0
      32.4     22.14      28.9 MSpap   0  0  0  0  0
      35.1     13.86      29.5 MSppa   0  0  0  0  0
     39.24     20.88      28.8 MSppp   0  0  0  0  0
     29.88     27.72      20.1 Eal   0  0  0  0  0
     32.58     20.34      18.2 Ear   0  0  0  0  0
     37.89     28.26      14.2 Epl   0  0  0  0  0
     41.22     22.77      21.2 Epr   0  0  0  0  0
     34.74      18.9       9.8 Caa   0  0  0  0  0
     40.95     26.55       8.6 Cap   0  0  0  0  0
     43.92     16.92      10.9 Cpa   0  0  0  0  0
     48.78      24.3      14.2 Cpp   0  0  0  0  0
     44.91     32.22      18.1  Da   0  0  0  0  0
      47.7      27.0      26.0  Dp   0  0  0  0  0
     40.95     29.07      27.1  P4   0  0  0  0  0
 1  9  1  0  0  0  0
M END
$$$$